0.1,-79.959068,43.266967,27.78
0.2,-79.959068,43.266967,29.95
0.3,-79.959068,43.266967,29.95
0.4,-79.959068,43.266967,29.95
0.5,-79.959068,43.266967,30.28
0.6,-79.959068,43.266967,29.34
0.7,-79.959068,43.266967,28.87
0.8,-79.959068,43.266967,28.14
0.9,-79.959068,43.266967,26.68
1.0,-79.959068,43.266967,28.12
1.1,-79.959068,43.266967,27.40
1.2,-79.959068,43.266967,28.12
1.3,-79.959068,43.266967,28.72
1.4,-79.959068,43.266967,28.28
1.5,-79.959068,43.266967,28.39
1.6,-79.959068,43.266967,29.00
1.7,-79.959068,43.266967,30.96
1.8,-79.959068,43.266967,30.55
1.9,-79.959068,43.266967,29.48
2.0,-79.959068,43.266967,29.71
2.1,-79.959068,43.266967,30.26
2.2,-79.959068,43.266967,29.78
2.3,-79.959068,43.266967,30.26
2.4,-79.959068,43.266967,29.81
2.5,-79.959068,43.266967,31.15
2.6,-79.959068,43.266967,29.16
2.7,-79.959068,43.266967,29.58
2.8,-79.959068,43.266967,29.68
2.9,-79.959068,43.266967,29.85
3.0,-79.959068,43.266967,30.18
3.1,-79.959068,43.266967,29.58
3.2,-79.959068,43.266967,30.18
3.3,-79.959068,43.266967,29.34
3.4,-79.959068,43.266967,28.01
3.5,-79.959068,43.266967,28.39
3.6,-79.959068,43.266967,28.39
3.7,-79.959068,43.266967,30.12
3.8,-79.959068,43.266967,31.06
3.9,-79.959068,43.266967,31.52
4.0,-79.959068,43.266967,32.26
4.1,-79.959075,43.266967,31.84
4.2,-79.959075,43.266967,32.06
4.3,-79.959075,43.266967,32.03
4.4,-79.959075,43.266967,34.27
4.5,-79.959075,43.266967,30.79
4.6,-79.959083,43.266967,33.49
4.7,-79.959083,43.266967,31.13
4.8,-79.959083,43.266967,28.35
4.9,-79.959083,43.266967,27.59
5.0,-79.959091,43.266967,26.07
5.1,-79.959091,43.266967,25.98
5.2,-79.959091,43.266967,24.02
5.3,-79.959098,43.266967,23.96
5.4,-79.959098,43.266967,28.79
5.5,-79.959098,43.266967,24.70
5.6,-79.959106,43.266967,19.77
5.7,-79.959106,43.266967,18.32
5.8,-79.959114,43.266967,18.06
5.9,-79.959114,43.266960,18.70
6.0,-79.959114,43.266960,18.96
6.1,-79.959121,43.266960,20.04
6.2,-79.959121,43.266960,17.44
6.3,-79.959121,43.266960,17.09
6.4,-79.959129,43.266960,14.75
6.5,-79.959129,43.266952,13.85
6.6,-79.959136,43.266952,13.52
6.7,-79.959136,43.266952,13.14
6.8,-79.959144,43.266944,12.02
6.9,-79.959144,43.266944,10.36
7.0,-79.959144,43.266944,10.14
7.1,-79.959144,43.266944,9.16
7.2,-79.959144,43.266933,8.49
7.3,-79.959152,43.266933,7.09
7.4,-79.959152,43.266933,6.80
7.5,-79.959152,43.266925,5.51
7.6,-79.959152,43.266925,4.69
7.7,-79.959159,43.266925,3.19
7.8,-79.959159,43.266918,3.05
7.9,-79.959159,43.266918,2.11
8.0,-79.959159,43.266918,1.29
8.1,-79.959159,43.266910,0.38
8.2,-79.959159,43.266910,90.00
8.3,-79.959159,43.266910,359.62
8.4,-79.959175,43.266902,359.11
8.5,-79.959175,43.266902,358.33
8.6,-79.959175,43.266902,356.84
8.7,-79.959175,43.266902,356.75
8.8,-79.959182,43.266895,356.64
8.9,-79.959182,43.266895,357.02
9.0,-79.959182,43.266895,356.78
9.1,-79.959182,43.266895,357.29
9.2,-79.959182,43.266895,357.52
9.3,-79.959182,43.266887,357.15
9.4,-79.959182,43.266887,356.75
9.5,-79.959182,43.266887,356.52
9.6,-79.959182,43.266887,355.87
9.7,-79.959190,43.266887,355.75
9.8,-79.959190,43.266887,356.01
9.9,-79.959190,43.266887,356.27
10.0,-79.959190,43.266887,356.13
10.1,-79.959190,43.266887,355.70
10.2,-79.959190,43.266887,355.70
10.3,-79.959190,43.266887,355.33
10.4,-79.959197,43.266887,355.21
10.5,-79.959197,43.266887,355.81
10.6,-79.959197,43.266887,356.11
10.7,-79.959197,43.266887,356.78
10.8,-79.959197,43.266887,357.03
10.9,-79.959197,43.266887,357.62
11.0,-79.959197,43.266887,357.86
11.1,-79.959197,43.266887,357.61
11.2,-79.959197,43.266887,357.62
11.3,-79.959205,43.266887,357.75
11.4,-79.959205,43.266887,357.62
11.5,-79.959205,43.266887,357.01
11.6,-79.959205,43.266887,356.86
11.7,-79.959205,43.266880,356.35
11.8,-79.959205,43.266880,356.35
11.9,-79.959205,43.266880,356.36
12.0,-79.959205,43.266880,356.73
12.1,-79.959205,43.266880,357.09
12.2,-79.959213,43.266880,357.71
12.3,-79.959213,43.266880,358.58
12.4,-79.959213,43.266880,0.66
12.5,-79.959213,43.266880,1.34
12.6,-79.959213,43.266880,1.62
12.7,-79.959213,43.266880,1.75
12.8,-79.959213,43.266880,1.90
12.9,-79.959213,43.266880,1.09
13.0,-79.959213,43.266880,0.41
13.1,-79.959213,43.266880,359.59
13.2,-79.959213,43.266880,359.59
13.3,-79.959213,43.266880,1.37
13.4,-79.959213,43.266880,1.49
13.5,-79.959213,43.266880,1.51
13.6,-79.959213,43.266880,1.25
13.7,-79.959213,43.266880,1.54
13.8,-79.959213,43.266880,0.69
13.9,-79.959220,43.266880,0.14
14.0,-79.959220,43.266880,0.95
14.1,-79.959220,43.266880,1.07
14.2,-79.959220,43.266880,1.62
14.3,-79.959220,43.266880,1.08
14.4,-79.959220,43.266880,0.41
14.5,-79.959220,43.266880,359.34
14.6,-79.959220,43.266880,359.47
14.7,-79.959220,43.266880,359.07
14.8,-79.959220,43.266880,359.08
14.9,-79.959220,43.266880,359.34
15.0,-79.959220,43.266887,359.08
15.1,-79.959220,43.266887,358.31
15.2,-79.959220,43.266887,358.56
15.3,-79.959220,43.266887,358.42
15.4,-79.959220,43.266887,358.70
15.5,-79.959220,43.266887,358.69
15.6,-79.959220,43.266887,358.56
15.7,-79.959220,43.266887,358.56
15.8,-79.959220,43.266887,358.56
15.9,-79.959220,43.266887,358.44
16.0,-79.959220,43.266887,358.69
16.1,-79.959220,43.266887,359.08
16.2,-79.959220,43.266887,358.69
16.3,-79.959220,43.266887,358.95
16.4,-79.959220,43.266887,358.43
16.5,-79.959220,43.266887,358.44
16.6,-79.959220,43.266887,358.83
16.7,-79.959220,43.266887,358.44
16.8,-79.959220,43.266887,358.44
16.9,-79.959220,43.266887,358.70
17.0,-79.959220,43.266887,357.81
17.1,-79.959220,43.266887,358.06
17.2,-79.959220,43.266887,358.19
17.3,-79.959220,43.266887,359.08
17.4,-79.959220,43.266887,359.22
17.5,-79.959220,43.266887,359.34
17.6,-79.959220,43.266887,359.21
17.7,-79.959220,43.266887,358.56
17.8,-79.959228,43.266887,358.05
17.9,-79.959228,43.266887,357.55
18.0,-79.959228,43.266880,357.43
18.1,-79.959228,43.266880,357.70
18.2,-79.959228,43.266880,357.32
18.3,-79.959228,43.266880,355.82
18.4,-79.959228,43.266868,355.43
18.5,-79.959236,43.266868,353.44
18.6,-79.959236,43.266868,352.95
18.7,-79.959236,43.266868,352.89
18.8,-79.959236,43.266868,352.45
18.9,-79.959236,43.266860,351.10
19.0,-79.959236,43.266860,349.16
19.1,-79.959236,43.266860,348.74
19.2,-79.959228,43.266853,347.24
19.3,-79.959228,43.266853,346.87
19.4,-79.959228,43.266845,345.39
19.5,-79.959220,43.266845,345.51
19.6,-79.959220,43.266845,344.54
19.7,-79.959213,43.266838,344.61
19.8,-79.959213,43.266830,341.97
19.9,-79.959213,43.266830,340.49
20.0,-79.959205,43.266822,338.93
20.1,-79.959197,43.266822,338.41
20.2,-79.959197,43.266811,337.45
20.3,-79.959190,43.266811,336.20
20.4,-79.959182,43.266803,335.33
20.5,-79.959182,43.266796,333.43
20.6,-79.959175,43.266796,333.56
20.7,-79.959159,43.266788,331.33
20.8,-79.959152,43.266788,330.32
20.9,-79.959144,43.266780,329.44
21.0,-79.959144,43.266780,328.92
21.1,-79.959136,43.266773,327.29
21.2,-79.959121,43.266765,325.64
21.3,-79.959114,43.266757,326.51
21.4,-79.959106,43.266757,325.63
21.5,-79.959098,43.266757,323.22
21.6,-79.959083,43.266746,323.65
21.7,-79.959083,43.266746,323.31
21.8,-79.959075,43.266746,322.20
21.9,-79.959068,43.266746,321.55
22.0,-79.959060,43.266738,322.03
22.1,-79.959053,43.266738,321.11
22.2,-79.959037,43.266738,321.18
22.3,-79.959030,43.266738,321.62
22.4,-79.959022,43.266731,320.62
22.5,-79.959022,43.266731,320.14
22.6,-79.959014,43.266731,321.18
22.7,-79.959007,43.266731,321.53
22.8,-79.958999,43.266723,319.88
22.9,-79.958992,43.266723,320.25
23.0,-79.958984,43.266723,320.98
23.1,-79.958984,43.266723,320.03
23.2,-79.958976,43.266723,320.14
23.3,-79.958969,43.266716,320.59
23.4,-79.958961,43.266716,321.67
23.5,-79.958953,43.266716,320.37
23.6,-79.958946,43.266716,321.04
23.7,-79.958946,43.266716,321.17
23.8,-79.958938,43.266708,320.49
23.9,-79.958930,43.266708,321.13
24.0,-79.958915,43.266708,321.10
24.1,-79.958908,43.266708,320.93
24.2,-79.958900,43.266708,321.17
24.3,-79.958892,43.266708,321.76
24.4,-79.958885,43.266708,320.13
24.5,-79.958885,43.266708,319.62
24.6,-79.958877,43.266708,319.94
24.7,-79.958869,43.266708,317.38
24.8,-79.958862,43.266708,318.09
24.9,-79.958854,43.266708,319.38
25.0,-79.958847,43.266708,318.73
25.1,-79.958839,43.266708,320.15
25.2,-79.958831,43.266708,320.88
25.3,-79.958824,43.266708,320.53
25.4,-79.958816,43.266708,320.72
25.5,-79.958808,43.266708,320.23
25.6,-79.958793,43.266700,319.97
25.7,-79.958786,43.266700,320.31
25.8,-79.958778,43.266700,318.10
25.9,-79.958770,43.266700,318.64
26.0,-79.958763,43.266700,319.12
26.1,-79.958755,43.266700,318.72
26.2,-79.958740,43.266689,319.66
26.3,-79.958732,43.266689,318.37
26.4,-79.958724,43.266689,320.06
26.5,-79.958717,43.266689,319.61
26.6,-79.958709,43.266689,319.65
26.7,-79.958694,43.266689,320.21
26.8,-79.958686,43.266689,320.02
26.9,-79.958671,43.266681,320.37
27.0,-79.958663,43.266681,319.32
27.1,-79.958648,43.266681,320.53
27.2,-79.958641,43.266681,320.21
27.3,-79.958625,43.266681,320.51
27.4,-79.958618,43.266681,319.49
27.5,-79.958602,43.266681,321.01
27.6,-79.958595,43.266681,321.15
27.7,-79.958587,43.266681,321.58
27.8,-79.958572,43.266674,319.85
27.9,-79.958549,43.266674,320.29
28.0,-79.958541,43.266674,320.21
28.1,-79.958534,43.266674,319.86
28.2,-79.958518,43.266674,319.72
28.3,-79.958511,43.266666,319.16
28.4,-79.958496,43.266666,319.98
28.5,-79.958488,43.266666,318.31
28.6,-79.958473,43.266666,319.94
28.7,-79.958465,43.266666,318.32
28.8,-79.958457,43.266658,318.66
28.9,-79.958442,43.266658,318.90
29.0,-79.958427,43.266658,319.46
29.1,-79.958412,43.266658,318.56
29.2,-79.958404,43.266658,319.53
29.3,-79.958389,43.266651,318.45
29.4,-79.958381,43.266651,319.64
29.5,-79.958374,43.266651,318.79
29.6,-79.958358,43.266651,319.54
29.7,-79.958351,43.266651,318.06
29.8,-79.958335,43.266643,318.67
29.9,-79.958328,43.266643,316.81
30.0,-79.958320,43.266643,319.00
30.1,-79.958297,43.266643,318.61
30.2,-79.958290,43.266643,319.11
30.3,-79.958274,43.266635,317.79
30.4,-79.958267,43.266635,317.53
30.5,-79.958259,43.266635,317.70
30.6,-79.958244,43.266635,319.22
30.7,-79.958236,43.266635,319.51
30.8,-79.958221,43.266624,318.74
30.9,-79.958213,43.266624,317.49
31.0,-79.958206,43.266624,318.34
31.1,-79.958183,43.266624,316.74
31.2,-79.958175,43.266624,317.89
31.3,-79.958168,43.266624,317.27
31.4,-79.958152,43.266624,317.77
31.5,-79.958145,43.266616,316.83
31.6,-79.958129,43.266616,317.19
31.7,-79.958122,43.266616,319.29
31.8,-79.958106,43.266616,321.03
31.9,-79.958099,43.266616,318.70
32.0,-79.958084,43.266609,318.75
32.1,-79.958076,43.266609,317.78
32.2,-79.958061,43.266609,317.91
32.3,-79.958045,43.266609,318.03
32.4,-79.958038,43.266609,318.72
32.5,-79.958023,43.266609,317.99
32.6,-79.958015,43.266601,319.73
32.7,-79.958000,43.266601,319.40
32.8,-79.957992,43.266601,319.31
32.9,-79.957977,43.266601,318.31
33.0,-79.957969,43.266601,319.08
33.1,-79.957962,43.266593,317.85
33.2,-79.957939,43.266593,318.92
33.3,-79.957931,43.266593,317.69
33.4,-79.957916,43.266593,318.12
33.5,-79.957908,43.266593,316.80
33.6,-79.957893,43.266586,318.01
33.7,-79.957885,43.266586,317.29
33.8,-79.957870,43.266586,318.03
33.9,-79.957862,43.266586,317.71
34.0,-79.957847,43.266586,318.50
34.1,-79.957839,43.266586,90.00
34.2,-79.957817,43.266578,317.79
34.3,-79.957809,43.266578,317.98
34.4,-79.957794,43.266578,318.84
34.5,-79.957786,43.266578,318.06
34.6,-79.957771,43.266578,318.61
34.7,-79.957763,43.266567,317.45
34.8,-79.957748,43.266567,317.80
34.9,-79.957740,43.266567,317.40
35.0,-79.957725,43.266567,318.73
35.1,-79.957717,43.266567,318.49
35.2,-79.957710,43.266559,319.52
35.3,-79.957687,43.266559,318.00
35.4,-79.957679,43.266559,317.55
35.5,-79.957664,43.266559,314.70
35.6,-79.957656,43.266551,315.20
35.7,-79.957641,43.266551,315.71
35.8,-79.957633,43.266551,315.32
35.9,-79.957618,43.266551,317.44
36.0,-79.957611,43.266551,318.31
36.1,-79.957595,43.266551,319.78
36.2,-79.957588,43.266544,318.35
36.3,-79.957565,43.266544,318.71
36.4,-79.957557,43.266544,316.68
36.5,-79.957542,43.266544,317.54
36.6,-79.957534,43.266544,316.68
36.7,-79.957519,43.266536,316.75
36.8,-79.957511,43.266536,316.11
36.9,-79.957496,43.266536,317.25
37.0,-79.957489,43.266536,318.24
37.1,-79.957473,43.266529,319.01
37.2,-79.957466,43.266529,317.60
37.3,-79.957443,43.266529,317.94
37.4,-79.957435,43.266529,316.92
37.5,-79.957420,43.266529,315.33
37.6,-79.957412,43.266521,315.76
37.7,-79.957397,43.266521,315.33
37.8,-79.957389,43.266521,315.91
37.9,-79.957374,43.266521,315.92
38.0,-79.957366,43.266513,317.84
38.1,-79.957351,43.266513,317.30
38.2,-79.957344,43.266513,320.98
38.3,-79.957321,43.266513,322.66
38.4,-79.957313,43.266502,324.51
38.5,-79.957298,43.266502,322.11
38.6,-79.957290,43.266502,324.53
38.7,-79.957283,43.266502,324.10
38.8,-79.957267,43.266502,325.72
38.9,-79.957260,43.266494,325.02
39.0,-79.957244,43.266494,325.12
39.1,-79.957237,43.266494,323.16
39.2,-79.957221,43.266494,322.97
39.3,-79.957206,43.266494,321.00
39.4,-79.957199,43.266494,320.41
39.5,-79.957191,43.266494,320.43
39.6,-79.957176,43.266494,322.18
39.7,-79.957168,43.266494,322.70
39.8,-79.957160,43.266502,322.51
39.9,-79.957145,43.266502,322.98
40.0,-79.957138,43.266502,321.60
40.1,-79.957130,43.266502,321.79
40.2,-79.957115,43.266502,320.47
40.3,-79.957107,43.266502,321.10
40.4,-79.957099,43.266502,322.08
40.5,-79.957084,43.266502,321.65
40.6,-79.957077,43.266502,323.00
40.7,-79.957069,43.266502,322.51
40.8,-79.957054,43.266494,323.10
40.9,-79.957046,43.266494,323.00
41.0,-79.957038,43.266494,322.67
41.1,-79.957023,43.266494,325.58
41.2,-79.957015,43.266494,324.86
41.3,-79.957008,43.266494,326.05
41.4,-79.957000,43.266494,327.23
41.5,-79.956993,43.266494,328.05
41.6,-79.956985,43.266494,327.57
41.7,-79.956962,43.266494,325.49
41.8,-79.956954,43.266494,324.85
41.9,-79.956947,43.266494,325.30
42.0,-79.956939,43.266494,325.30
42.1,-79.956932,43.266494,324.87
42.2,-79.956924,43.266494,325.45
42.3,-79.956916,43.266494,324.23
42.4,-79.956901,43.266494,324.30
42.5,-79.956893,43.266494,326.06
42.6,-79.956886,43.266494,324.18
42.7,-79.956878,43.266494,325.15
42.8,-79.956878,43.266494,325.91
42.9,-79.956871,43.266494,325.33
43.0,-79.956863,43.266494,325.06
43.1,-79.956855,43.266494,325.69
43.2,-79.956855,43.266494,325.69
43.3,-79.956840,43.266487,324.44
43.4,-79.956832,43.266487,325.59
43.5,-79.956825,43.266487,326.31
43.6,-79.956825,43.266487,325.63
43.7,-79.956817,43.266487,324.19
43.8,-79.956809,43.266487,325.36
43.9,-79.956809,43.266487,325.78
44.0,-79.956802,43.266479,324.82
44.1,-79.956802,43.266479,324.74
44.2,-79.956794,43.266479,323.64
44.3,-79.956794,43.266479,324.80
44.4,-79.956787,43.266479,324.82
44.5,-79.956787,43.266479,324.92
44.6,-79.956779,43.266479,324.09
44.7,-79.956779,43.266471,323.43
44.8,-79.956771,43.266471,323.30
44.9,-79.956771,43.266471,323.87
45.0,-79.956764,43.266471,324.40
45.1,-79.956764,43.266471,324.25
45.2,-79.956764,43.266471,324.34
45.3,-79.956756,43.266471,323.67
45.4,-79.956756,43.266471,323.44
45.5,-79.956756,43.266471,323.06
45.6,-79.956756,43.266471,323.16
45.7,-79.956748,43.266471,324.00
45.8,-79.956748,43.266464,324.03
45.9,-79.956748,43.266464,324.66
46.0,-79.956748,43.266464,324.84
46.1,-79.956748,43.266464,324.87
46.2,-79.956748,43.266456,325.27
46.3,-79.956741,43.266456,326.31
46.4,-79.956741,43.266456,326.67
46.5,-79.956741,43.266456,326.98
46.6,-79.956741,43.266456,327.13
46.7,-79.956741,43.266456,326.92
46.8,-79.956733,43.266456,327.21
46.9,-79.956733,43.266456,326.36
47.0,-79.956733,43.266456,325.48
47.1,-79.956733,43.266456,324.72
47.2,-79.956733,43.266456,324.44
47.3,-79.956733,43.266456,324.36
47.4,-79.956718,43.266445,325.73
47.5,-79.956718,43.266445,325.24
47.6,-79.956718,43.266445,325.71
47.7,-79.956718,43.266445,326.52
47.8,-79.956718,43.266445,326.74
47.9,-79.956710,43.266445,327.87
48.0,-79.956710,43.266445,328.64
48.1,-79.956710,43.266445,328.52
48.2,-79.956710,43.266445,328.19
48.3,-79.956710,43.266437,326.91
48.4,-79.956703,43.266437,326.11
48.5,-79.956703,43.266437,325.92
48.6,-79.956703,43.266437,325.86
48.7,-79.956703,43.266437,327.24
48.8,-79.956695,43.266437,327.96
48.9,-79.956695,43.266437,328.80
49.0,-79.956695,43.266437,328.65
49.1,-79.956695,43.266429,328.62
49.2,-79.956687,43.266429,328.47
49.3,-79.956687,43.266429,327.94
49.4,-79.956687,43.266429,327.56
49.5,-79.956680,43.266429,327.08
49.6,-79.956680,43.266429,327.96
49.7,-79.956680,43.266429,328.25
49.8,-79.956680,43.266429,328.85
49.9,-79.956672,43.266429,328.43
50.0,-79.956672,43.266429,328.74
50.1,-79.956672,43.266429,328.50
50.2,-79.956665,43.266429,327.92
50.3,-79.956665,43.266429,327.72
50.4,-79.956665,43.266429,326.93
50.5,-79.956657,43.266429,327.33
50.6,-79.956657,43.266429,327.52
50.7,-79.956657,43.266422,327.86
50.8,-79.956657,43.266422,328.65
50.9,-79.956649,43.266422,328.20
51.0,-79.956649,43.266422,328.65
51.1,-79.956649,43.266422,327.90
51.2,-79.956642,43.266422,327.72
51.3,-79.956642,43.266422,327.50
51.4,-79.956642,43.266422,327.02
51.5,-79.956634,43.266422,327.81
51.6,-79.956634,43.266414,328.61
51.7,-79.956626,43.266414,328.09
51.8,-79.956626,43.266414,327.57
51.9,-79.956619,43.266414,324.31
52.0,-79.956619,43.266414,324.99
52.1,-79.956611,43.266414,325.56
52.2,-79.956611,43.266414,325.74
52.3,-79.956596,43.266414,324.95
52.4,-79.956596,43.266414,324.06
52.5,-79.956588,43.266414,322.39
52.6,-79.956588,43.266414,322.23
52.7,-79.956581,43.266414,322.14
52.8,-79.956581,43.266414,323.24
52.9,-79.956573,43.266414,323.38
53.0,-79.956573,43.266414,323.50
53.1,-79.956565,43.266407,325.74
53.2,-79.956558,43.266407,325.47
53.3,-79.956558,43.266407,324.38
53.4,-79.956550,43.266407,323.67
53.5,-79.956550,43.266407,321.72
53.6,-79.956542,43.266407,316.96
53.7,-79.956535,43.266407,314.44
53.8,-79.956535,43.266407,312.76
53.9,-79.956527,43.266407,313.45
54.0,-79.956520,43.266414,315.00
54.1,-79.956520,43.266414,315.79
54.2,-79.956512,43.266414,314.66
54.3,-79.956504,43.266414,315.11
54.4,-79.956504,43.266422,315.68
54.5,-79.956497,43.266422,315.56
54.6,-79.956489,43.266422,314.22
54.7,-79.956474,43.266422,314.89
54.8,-79.956466,43.266422,315.79
54.9,-79.956466,43.266422,314.55
55.0,-79.956459,43.266422,314.66
55.1,-79.956451,43.266422,315.56
55.2,-79.956443,43.266422,315.00
55.3,-79.956436,43.266422,314.01
55.4,-79.956428,43.266422,314.23
55.5,-79.956420,43.266422,315.74
55.6,-79.956413,43.266422,316.17
55.7,-79.956405,43.266422,317.88
55.8,-79.956398,43.266422,317.53
55.9,-79.956390,43.266422,316.73
56.0,-79.956382,43.266422,316.85
56.1,-79.956375,43.266414,315.96
56.2,-79.956367,43.266414,315.75
56.3,-79.956352,43.266414,315.77
56.4,-79.956344,43.266414,314.44
56.5,-79.956336,43.266414,314.43
56.6,-79.956329,43.266414,315.47
56.7,-79.956321,43.266407,315.59
56.8,-79.956314,43.266407,318.01
56.9,-79.956306,43.266407,318.34
57.0,-79.956298,43.266407,319.02
57.1,-79.956283,43.266407,320.56
57.2,-79.956275,43.266407,320.64
57.3,-79.956268,43.266399,320.82
57.4,-79.956260,43.266399,319.85
57.5,-79.956253,43.266399,317.77
57.6,-79.956245,43.266399,318.38
57.7,-79.956230,43.266399,317.67
57.8,-79.956222,43.266399,317.68
57.9,-79.956207,43.266391,318.30
58.0,-79.956199,43.266391,316.21
58.1,-79.956192,43.266391,316.13
58.2,-79.956184,43.266391,315.23
58.3,-79.956176,43.266391,316.01
58.4,-79.956169,43.266391,316.26
58.5,-79.956161,43.266380,316.10
58.6,-79.956153,43.266380,317.64
58.7,-79.956138,43.266380,317.04
58.8,-79.956130,43.266380,317.54
58.9,-79.956123,43.266380,316.68
59.0,-79.956108,43.266380,316.05
59.1,-79.956100,43.266380,315.00
59.2,-79.956092,43.266380,314.66
59.3,-79.956077,43.266380,316.99
59.4,-79.956069,43.266372,318.53
59.5,-79.956062,43.266372,319.38
59.6,-79.956054,43.266372,319.91
59.7,-79.956047,43.266372,318.43
59.8,-79.956039,43.266365,319.19
59.9,-79.956024,43.266365,317.91
60.0,-79.956016,43.266365,319.62
60.1,-79.956008,43.266365,318.25
60.2,-79.956001,43.266365,318.81
60.3,-79.955978,43.266365,318.84
60.4,-79.955970,43.266372,318.47
60.5,-79.955963,43.266372,319.31
60.6,-79.955955,43.266372,317.79
60.7,-79.955947,43.266372,318.18
60.8,-79.955932,43.266372,317.15
60.9,-79.955924,43.266372,317.53
61.0,-79.955917,43.266372,317.64
61.1,-79.955909,43.266372,317.87
61.2,-79.955894,43.266372,318.71
61.3,-79.955886,43.266365,317.67
61.4,-79.955879,43.266365,319.50
61.5,-79.955856,43.266365,316.98
61.6,-79.955848,43.266357,319.70
61.7,-79.955841,43.266349,318.87
61.8,-79.955825,43.266349,319.43
61.9,-79.955818,43.266342,317.94
62.0,-79.955810,43.266342,319.05
62.1,-79.955795,43.266334,318.69
62.2,-79.955787,43.266334,319.08
62.3,-79.955772,43.266334,319.47
62.4,-79.955764,43.266323,318.74
62.5,-79.955757,43.266323,319.93
62.6,-79.955734,43.266323,318.53
62.7,-79.955726,43.266315,318.98
62.8,-79.955718,43.266315,318.29
62.9,-79.955703,43.266315,319.07
63.0,-79.955696,43.266307,318.64
63.1,-79.955688,43.266307,318.86
63.2,-79.955680,43.266300,318.92
63.3,-79.955665,43.266300,317.69
63.4,-79.955657,43.266300,317.99
63.5,-79.955650,43.266300,318.00
63.6,-79.955635,43.266292,318.74
63.7,-79.955619,43.266292,318.08
63.8,-79.955612,43.266292,318.74
63.9,-79.955604,43.266292,318.43
64.0,-79.955589,43.266284,318.34
64.1,-79.955581,43.266284,318.06
64.2,-79.955574,43.266284,318.65
64.3,-79.955558,43.266277,319.26
64.4,-79.955551,43.266277,319.00
64.5,-79.955543,43.266277,319.40
64.6,-79.955535,43.266269,317.24
64.7,-79.955528,43.266269,318.58
64.8,-79.955513,43.266258,318.48
64.9,-79.955497,43.266258,320.30
65.0,-79.955490,43.266250,320.22
65.1,-79.955482,43.266250,321.04
65.2,-79.955474,43.266242,320.98
65.3,-79.955467,43.266242,320.50
65.4,-79.955451,43.266235,320.80
65.5,-79.955444,43.266235,321.84
65.6,-79.955436,43.266235,323.52
65.7,-79.955429,43.266227,322.14
65.8,-79.955413,43.266227,323.13
65.9,-79.955406,43.266227,321.09
66.0,-79.955398,43.266220,321.39
66.1,-79.955390,43.266220,320.84
66.2,-79.955368,43.266220,320.73
66.3,-79.955360,43.266212,321.01
66.4,-79.955352,43.266212,320.56
66.5,-79.955337,43.266212,322.08
66.6,-79.955329,43.266212,321.56
66.7,-79.955322,43.266201,322.22
66.8,-79.955307,43.266201,320.69
66.9,-79.955299,43.266201,321.39
67.0,-79.955284,43.266201,319.72
67.1,-79.955276,43.266193,320.93
67.2,-79.955268,43.266193,319.45
67.3,-79.955253,43.266193,320.88
67.4,-79.955238,43.266193,320.15
67.5,-79.955230,43.266185,320.63
67.6,-79.955215,43.266185,319.80
67.7,-79.955207,43.266185,320.51
67.8,-79.955200,43.266185,320.34
67.9,-79.955192,43.266185,320.21
68.0,-79.955177,43.266178,321.31
68.1,-79.955169,43.266178,321.01
68.2,-79.955162,43.266178,321.39
68.3,-79.955146,43.266178,319.47
68.4,-79.955131,43.266170,320.72
68.5,-79.955123,43.266170,319.80
68.6,-79.955116,43.266170,320.98
68.7,-79.955101,43.266162,320.24
68.8,-79.955093,43.266162,321.14
68.9,-79.955085,43.266162,319.61
69.0,-79.955070,43.266155,321.62
69.1,-79.955062,43.266155,319.61
69.2,-79.955055,43.266155,320.91
69.3,-79.955047,43.266147,320.28
69.4,-79.955032,43.266147,320.76
69.5,-79.955024,43.266147,320.73
69.6,-79.955009,43.266136,320.56
69.7,-79.954994,43.266136,321.82
69.8,-79.954986,43.266136,320.94
69.9,-79.954978,43.266136,321.74
70.0,-79.954971,43.266128,320.42
70.1,-79.954956,43.266128,321.72
70.2,-79.954948,43.266128,320.28
70.3,-79.954940,43.266128,320.44
70.4,-79.954925,43.266120,318.59
70.5,-79.954917,43.266120,318.54
70.6,-79.954910,43.266120,318.86
70.7,-79.954902,43.266120,319.11
70.8,-79.954879,43.266120,321.34
70.9,-79.954872,43.266136,320.68
71.0,-79.954864,43.266136,321.95
71.1,-79.954856,43.266147,321.21
71.2,-79.954849,43.266155,322.29
71.3,-79.954833,43.266147,322.20
71.4,-79.954826,43.266147,322.03
71.5,-79.954811,43.266136,323.00
71.6,-79.954803,43.266136,321.21
71.7,-79.954795,43.266136,322.57
71.8,-79.954788,43.266128,321.51
71.9,-79.954780,43.266128,322.24
72.0,-79.954757,43.266128,321.89
72.1,-79.954750,43.266147,323.16
72.2,-79.954742,43.266155,322.10
72.3,-79.954727,43.266162,322.58
72.4,-79.954719,43.266170,322.61
72.5,-79.954711,43.266170,321.89
72.6,-79.954696,43.266170,323.00
72.7,-79.954689,43.266178,322.33
72.8,-79.954681,43.266178,323.26
72.9,-79.954666,43.266178,322.68
73.0,-79.954658,43.266178,322.15
73.1,-79.954643,43.266178,323.49
73.2,-79.954635,43.266178,322.36
73.3,-79.954627,43.266178,323.64
73.4,-79.954612,43.266178,323.22
73.5,-79.954605,43.266178,323.54
73.6,-79.954597,43.266170,324.28
73.7,-79.954589,43.266170,323.29
73.8,-79.954574,43.266170,324.17
73.9,-79.954566,43.266170,323.16
74.0,-79.954559,43.266170,323.50
74.1,-79.954544,43.266170,324.30
74.2,-79.954536,43.266170,323.70
74.3,-79.954513,43.266170,324.07
74.4,-79.954505,43.266170,322.25
74.5,-79.954490,43.266170,322.31
74.6,-79.954483,43.266170,322.46
74.7,-79.954475,43.266170,321.99
74.8,-79.954460,43.266170,323.93
74.9,-79.954452,43.266162,324.04
75.0,-79.954444,43.266162,323.41
75.1,-79.954437,43.266162,324.77
75.2,-79.954429,43.266162,322.94
75.3,-79.954421,43.266155,323.16
75.4,-79.954414,43.266155,323.91
75.5,-79.954399,43.266155,323.13
75.6,-79.954391,43.266147,323.03
75.7,-79.954383,43.266147,321.83
75.8,-79.954376,43.266147,321.64
75.9,-79.954368,43.266136,322.38
76.0,-79.954360,43.266136,321.49
76.1,-79.954353,43.266136,321.79
76.2,-79.954353,43.266136,322.46
76.3,-79.954345,43.266128,321.80
76.4,-79.954338,43.266128,321.97
76.5,-79.954330,43.266128,323.03
76.6,-79.954322,43.266128,322.03
76.7,-79.954315,43.266128,321.99
76.8,-79.954307,43.266128,322.49
76.9,-79.954299,43.266120,321.66
77.0,-79.954292,43.266120,321.17
77.1,-79.954292,43.266120,322.01
77.2,-79.954277,43.266120,320.94
77.3,-79.954277,43.266120,319.94
77.4,-79.954269,43.266120,320.13
77.5,-79.954261,43.266113,319.33
77.6,-79.954254,43.266113,318.34
77.7,-79.954246,43.266113,319.73
77.8,-79.954238,43.266113,320.17
77.9,-79.954231,43.266113,319.61
78.0,-79.954223,43.266113,321.89
78.1,-79.954216,43.266113,321.12
78.2,-79.954216,43.266113,320.46
78.3,-79.954208,43.266113,320.59
78.4,-79.954200,43.266113,321.37
78.5,-79.954193,43.266113,320.64
78.6,-79.954185,43.266113,320.61
78.7,-79.954177,43.266113,320.98
78.8,-79.954170,43.266105,320.09
78.9,-79.954154,43.266105,319.54
79.0,-79.954147,43.266105,320.57
79.1,-79.954139,43.266105,319.27
79.2,-79.954132,43.266105,319.29
79.3,-79.954132,43.266105,320.65
79.4,-79.954116,43.266105,320.63
79.5,-79.954109,43.266098,320.04
79.6,-79.954109,43.266098,320.33
79.7,-79.954101,43.266098,320.97
79.8,-79.954093,43.266098,321.03
79.9,-79.954086,43.266098,320.90
80.0,-79.954078,43.266098,320.53
80.1,-79.954071,43.266098,320.26
80.2,-79.954071,43.266098,319.95
80.3,-79.954063,43.266098,322.03
80.4,-79.954055,43.266098,323.33
80.5,-79.954048,43.266098,323.55
80.6,-79.954032,43.266098,324.95
80.7,-79.954032,43.266098,327.08
80.8,-79.954025,43.266098,327.65
80.9,-79.954017,43.266098,325.87
81.0,-79.954017,43.266098,326.67
81.1,-79.954010,43.266090,326.88
81.2,-79.954002,43.266090,326.10
81.3,-79.953994,43.266090,326.01
81.4,-79.953987,43.266090,328.06
81.5,-79.953987,43.266090,328.03
81.6,-79.953979,43.266078,328.31
81.7,-79.953971,43.266078,329.16
81.8,-79.953971,43.266071,330.92
81.9,-79.953964,43.266071,332.03
82.0,-79.953956,43.266071,332.68
82.1,-79.953956,43.266063,333.68
82.2,-79.953948,43.266063,334.99
82.3,-79.953948,43.266056,335.35
82.4,-79.953941,43.266056,337.54
82.5,-79.953933,43.266048,339.46
82.6,-79.953933,43.266048,339.38
82.7,-79.953926,43.266040,340.43
82.8,-79.953910,43.266040,340.94
82.9,-79.953910,43.266033,342.21
83.0,-79.953903,43.266033,342.89
83.1,-79.953903,43.266025,344.04
83.2,-79.953895,43.266025,344.09
83.3,-79.953895,43.266014,344.77
83.4,-79.953887,43.266006,344.56
83.5,-79.953887,43.265998,345.26
83.6,-79.953880,43.265991,345.53
83.7,-79.953880,43.265983,345.93
83.8,-79.953872,43.265983,346.17
83.9,-79.953865,43.265975,346.57
84.0,-79.953865,43.265968,346.30
84.1,-79.953865,43.265956,345.93
84.2,-79.953857,43.265956,345.16
84.3,-79.953857,43.265949,345.17
84.4,-79.953849,43.265941,346.00
84.5,-79.953849,43.265933,344.79
84.6,-79.953842,43.265926,345.06
84.7,-79.953842,43.265918,344.51
84.8,-79.953834,43.265918,344.35
84.9,-79.953834,43.265911,344.41
85.0,-79.953834,43.265903,343.48
85.1,-79.953826,43.265892,344.23
85.2,-79.953826,43.265884,344.57
85.3,-79.953819,43.265876,345.33
85.4,-79.953819,43.265869,346.17
85.5,-79.953811,43.265861,345.37
85.6,-79.953811,43.265853,346.55
85.7,-79.953804,43.265846,346.04
85.8,-79.953788,43.265834,347.18
85.9,-79.953788,43.265834,346.83
86.0,-79.953781,43.265827,347.81
86.1,-79.953773,43.265819,347.90
86.2,-79.953773,43.265811,347.90
86.3,-79.953765,43.265804,348.23
86.4,-79.953758,43.265796,348.37
86.5,-79.953758,43.265789,348.13
86.6,-79.953750,43.265781,348.50
86.7,-79.953750,43.265769,348.56
86.8,-79.953742,43.265762,348.03
86.9,-79.953735,43.265754,349.40
87.0,-79.953735,43.265747,348.80
87.1,-79.953727,43.265739,349.46
87.2,-79.953720,43.265731,349.17
87.3,-79.953712,43.265724,348.37
87.4,-79.953712,43.265712,347.34
87.5,-79.953704,43.265705,347.65
87.6,-79.953697,43.265689,347.02
87.7,-79.953697,43.265682,347.49
87.8,-79.953689,43.265674,347.72
87.9,-79.953689,43.265666,347.79
88.0,-79.953681,43.265659,347.66
88.1,-79.953666,43.265647,347.41
88.2,-79.953666,43.265640,347.20
88.3,-79.953659,43.265625,346.81
88.4,-79.953651,43.265617,347.11
88.5,-79.953651,43.265609,346.22
88.6,-79.953643,43.265602,346.48
88.7,-79.953636,43.265590,347.03
88.8,-79.953628,43.265583,345.51
88.9,-79.953628,43.265575,345.93
89.0,-79.953620,43.265567,345.83
89.1,-79.953613,43.265552,346.30
89.2,-79.953613,43.265544,346.66
89.3,-79.953605,43.265537,346.40
89.4,-79.953598,43.265525,347.16
89.5,-79.953598,43.265518,346.78
89.6,-79.953590,43.265510,347.00
89.7,-79.953582,43.265495,347.32
89.8,-79.953582,43.265487,347.11
89.9,-79.953575,43.265480,347.34
90.0,-79.953567,43.265468,347.57
90.1,-79.953559,43.265460,347.89
90.2,-79.953559,43.265453,347.65
90.3,-79.953544,43.265445,348.34
90.4,-79.953536,43.265430,348.83
90.5,-79.953529,43.265422,348.24
90.6,-79.953521,43.265415,348.48
90.7,-79.953514,43.265403,348.61
90.8,-79.953514,43.265396,348.83
90.9,-79.953498,43.265388,349.09
91.0,-79.953498,43.265380,348.85
91.1,-79.953491,43.265373,348.98
91.2,-79.953483,43.265365,349.11
91.3,-79.953475,43.265357,349.18
91.4,-79.953468,43.265346,349.81
91.5,-79.953468,43.265338,350.06
91.6,-79.953460,43.265331,350.60
91.7,-79.953453,43.265323,348.90
91.8,-79.953445,43.265308,347.22
91.9,-79.953437,43.265300,346.18
92.0,-79.953437,43.265293,346.06
92.1,-79.953422,43.265281,345.84
92.2,-79.953414,43.265274,347.49
92.3,-79.953407,43.265266,349.01
92.4,-79.953407,43.265258,351.06
92.5,-79.953399,43.265251,350.86
92.6,-79.953392,43.265235,348.72
92.7,-79.953384,43.265224,347.40
92.8,-79.953384,43.265216,348.79
92.9,-79.953376,43.265209,349.28
93.0,-79.953369,43.265201,349.28
93.1,-79.953361,43.265193,349.10
93.2,-79.953361,43.265178,348.85
93.3,-79.953353,43.265171,349.48
93.4,-79.953346,43.265159,349.42
93.5,-79.953338,43.265151,348.79
93.6,-79.953338,43.265144,348.93
93.7,-79.953330,43.265129,346.99
93.8,-79.953323,43.265121,348.18
93.9,-79.953315,43.265113,348.48
94.0,-79.953315,43.265102,349.56
94.1,-79.953300,43.265094,349.70
94.2,-79.953292,43.265087,350.11
94.3,-79.953285,43.265071,347.13
94.4,-79.953277,43.265064,345.51
94.5,-79.953277,43.265056,348.21
94.6,-79.953269,43.265048,348.74
94.7,-79.953262,43.265037,349.77
94.8,-79.953262,43.265029,349.79
94.9,-79.953254,43.265022,349.00
95.0,-79.953247,43.265014,349.63
95.1,-79.953239,43.264999,348.95
95.2,-79.953231,43.264991,349.43
95.3,-79.953224,43.264980,349.60
95.4,-79.953216,43.264980,349.00
95.5,-79.953208,43.264972,349.10
95.6,-79.953208,43.264957,348.51
95.7,-79.953201,43.264949,349.15
95.8,-79.953193,43.264942,348.51
95.9,-79.953178,43.264934,348.31
96.0,-79.953170,43.264926,347.91
96.1,-79.953163,43.264915,348.04
96.2,-79.953155,43.264907,348.27
96.3,-79.953155,43.264900,347.66
96.4,-79.953147,43.264892,348.46
96.5,-79.953140,43.264884,348.27
96.6,-79.953132,43.264877,349.26
96.7,-79.953125,43.264869,348.02
96.8,-79.953117,43.264858,346.77
96.9,-79.953117,43.264850,346.72
97.0,-79.953109,43.264842,346.85
97.1,-79.953102,43.264827,347.39
97.2,-79.953094,43.264820,347.66
97.3,-79.953086,43.264812,346.91
97.4,-79.953079,43.264804,347.51
97.5,-79.953079,43.264793,347.44
97.6,-79.953071,43.264785,347.25
97.7,-79.953056,43.264778,346.89
97.8,-79.953048,43.264770,346.74
97.9,-79.953041,43.264762,347.19
98.0,-79.953033,43.264755,347.41
98.1,-79.953033,43.264736,347.24
98.2,-79.953025,43.264728,347.12
98.3,-79.953018,43.264720,348.45
98.4,-79.953010,43.264713,349.40
98.5,-79.953002,43.264705,349.21
98.6,-79.952995,43.264698,350.75
98.7,-79.952995,43.264690,349.78
98.8,-79.952987,43.264682,346.99
98.9,-79.952980,43.264671,344.81
99.0,-79.952972,43.264663,343.47
99.1,-79.952972,43.264656,344.26
99.2,-79.952964,43.264648,346.06
99.3,-79.952957,43.264633,347.44
99.4,-79.952949,43.264625,347.94
99.5,-79.952934,43.264614,348.18
99.6,-79.952926,43.264606,348.49
99.7,-79.952926,43.264598,347.82
99.8,-79.952919,43.264591,348.33
99.9,-79.952911,43.264583,348.21
100.0,-79.952903,43.264575,348.49
100.1,-79.952903,43.264568,348.56
100.2,-79.952896,43.264560,348.66
100.3,-79.952888,43.264541,348.64
100.4,-79.952880,43.264533,348.24
100.5,-79.952880,43.264526,349.20
100.6,-79.952873,43.264518,348.97
100.7,-79.952865,43.264511,348.99
100.8,-79.952857,43.264503,348.74
100.9,-79.952857,43.264492,349.43
101.0,-79.952850,43.264484,349.00
101.1,-79.952842,43.264476,349.00
101.2,-79.952835,43.264469,348.99
101.3,-79.952835,43.264461,348.85
101.4,-79.952827,43.264453,348.43
101.5,-79.952812,43.264446,347.90
101.6,-79.952804,43.264438,348.27
101.7,-79.952804,43.264427,348.14
101.8,-79.952796,43.264419,348.30
101.9,-79.952789,43.264404,348.30
102.0,-79.952781,43.264396,348.61
102.1,-79.952781,43.264389,349.35
102.2,-79.952774,43.264381,349.01
102.3,-79.952766,43.264369,348.92
102.4,-79.952758,43.264362,349.37
102.5,-79.952758,43.264354,348.53
102.6,-79.952751,43.264347,350.26
102.7,-79.952743,43.264331,349.22
102.8,-79.952735,43.264324,349.43
102.9,-79.952735,43.264316,349.25
103.0,-79.952728,43.264305,350.28
103.1,-79.952720,43.264297,349.13
103.2,-79.952713,43.264289,347.70
103.3,-79.952705,43.264274,348.33
103.4,-79.952705,43.264266,349.15
103.5,-79.952690,43.264259,347.64
103.6,-79.952682,43.264247,349.25
103.7,-79.952674,43.264240,348.79
103.8,-79.952667,43.264232,347.65
103.9,-79.952659,43.264217,348.43
104.0,-79.952659,43.264209,347.41
104.1,-79.952651,43.264202,347.96
104.2,-79.952644,43.264194,348.08
104.3,-79.952636,43.264175,348.25
104.4,-79.952629,43.264167,348.08
104.5,-79.952621,43.264160,347.21
104.6,-79.952621,43.264152,346.19
104.7,-79.952613,43.264144,346.06
104.8,-79.952606,43.264125,347.08
104.9,-79.952598,43.264118,348.72
105.0,-79.952590,43.264110,349.00
105.1,-79.952583,43.264102,347.26
105.2,-79.952583,43.264095,346.87
105.3,-79.952568,43.264080,347.30
105.4,-79.952560,43.264072,347.61
105.5,-79.952552,43.264060,348.18
105.6,-79.952545,43.264053,348.61
105.7,-79.952545,43.264045,347.68
105.8,-79.952537,43.264030,348.35
105.9,-79.952529,43.264022,347.92
106.0,-79.952522,43.264015,348.64
106.1,-79.952514,43.264003,348.96
106.2,-79.952507,43.263988,348.85
106.3,-79.952507,43.263980,348.85
106.4,-79.952499,43.263973,348.96
106.5,-79.952491,43.263965,348.93
106.6,-79.952484,43.263957,348.93
106.7,-79.952484,43.263950,348.48
106.8,-79.952476,43.263938,349.59
106.9,-79.952468,43.263923,349.44
107.0,-79.952468,43.263916,349.74
107.1,-79.952461,43.263908,348.95
107.2,-79.952445,43.263900,349.60
107.3,-79.952445,43.263893,349.71
107.4,-79.952438,43.263881,349.59
107.5,-79.952430,43.263874,349.17
107.6,-79.952430,43.263866,349.45
107.7,-79.952423,43.263858,349.48
107.8,-79.952423,43.263851,349.71
107.9,-79.952415,43.263843,349.50
108.0,-79.952415,43.263835,349.90
108.1,-79.952407,43.263828,349.30
108.2,-79.952407,43.263816,350.20
108.3,-79.952400,43.263809,349.27
108.4,-79.952400,43.263801,350.38
108.5,-79.952392,43.263793,349.64
108.6,-79.952392,43.263793,350.63
108.7,-79.952392,43.263778,350.76
108.8,-79.952384,43.263778,349.75
108.9,-79.952377,43.263771,350.22
109.0,-79.952377,43.263759,351.58
109.1,-79.952369,43.263751,352.57
109.2,-79.952369,43.263751,351.18
109.3,-79.952369,43.263744,351.21
109.4,-79.952362,43.263736,351.72
109.5,-79.952362,43.263729,352.48
109.6,-79.952354,43.263729,352.53
109.7,-79.952354,43.263721,351.96
109.8,-79.952346,43.263713,350.87
109.9,-79.952346,43.263706,351.81
110.0,-79.952346,43.263706,352.76
110.1,-79.952339,43.263694,90.00
110.2,-79.952339,43.263687,351.85
110.3,-79.952323,43.263687,352.09
110.4,-79.952323,43.263679,351.46
110.5,-79.952323,43.263671,350.90
110.6,-79.952316,43.263671,352.00
110.7,-79.952316,43.263664,352.71
110.8,-79.952316,43.263664,352.04
110.9,-79.952308,43.263656,351.01
111.0,-79.952308,43.263656,350.65
111.1,-79.952308,43.263648,350.91
111.2,-79.952308,43.263637,350.45
111.3,-79.952301,43.263637,351.87
111.4,-79.952301,43.263629,351.26
111.5,-79.952301,43.263622,350.56
111.6,-79.952301,43.263622,350.27
111.7,-79.952301,43.263614,350.83
111.8,-79.952301,43.263614,350.79
111.9,-79.952293,43.263607,351.04
112.0,-79.952293,43.263607,350.20
112.1,-79.952293,43.263607,350.23
112.2,-79.952293,43.263599,350.58
112.3,-79.952293,43.263599,350.36
112.4,-79.952293,43.263591,350.67
112.5,-79.952293,43.263591,350.54
112.6,-79.952293,43.263584,349.58
112.7,-79.952293,43.263584,350.60
112.8,-79.952293,43.263572,350.34
112.9,-79.952293,43.263572,350.12
113.0,-79.952285,43.263565,350.04
113.1,-79.952285,43.263565,350.19
113.2,-79.952285,43.263565,349.70
113.3,-79.952285,43.263557,349.84
113.4,-79.952285,43.263557,350.09
113.5,-79.952285,43.263557,349.57
113.6,-79.952285,43.263557,350.34
113.7,-79.952285,43.263549,349.93
113.8,-79.952285,43.263549,349.84
113.9,-79.952285,43.263549,349.87
114.0,-79.952285,43.263542,350.06
114.1,-79.952285,43.263542,350.06
114.2,-79.952285,43.263542,350.15
114.3,-79.952285,43.263542,350.27
114.4,-79.952278,43.263542,350.33
114.5,-79.952278,43.263542,350.49
114.6,-79.952278,43.263542,351.13
114.7,-79.952285,43.263534,351.23
114.8,-79.952285,43.263534,351.01
114.9,-79.952285,43.263534,351.27
115.0,-79.952285,43.263534,351.20
115.1,-79.952285,43.263534,351.11
115.2,-79.952285,43.263534,350.98
115.3,-79.952285,43.263534,350.94
115.4,-79.952285,43.263534,351.20
115.5,-79.952285,43.263534,350.96
115.6,-79.952278,43.263534,351.07
115.7,-79.952278,43.263534,351.34
115.8,-79.952278,43.263534,351.56
115.9,-79.952278,43.263534,351.47
116.0,-79.952278,43.263534,351.91
116.1,-79.952278,43.263534,350.98
116.2,-79.952278,43.263534,351.38
116.3,-79.952278,43.263534,351.53
116.4,-79.952278,43.263534,350.91
116.5,-79.952278,43.263542,351.09
116.6,-79.952278,43.263542,351.47
116.7,-79.952278,43.263542,351.32
116.8,-79.952278,43.263542,351.47
116.9,-79.952270,43.263542,351.58
117.0,-79.952270,43.263542,351.18
117.1,-79.952270,43.263542,351.18
117.2,-79.952270,43.263542,351.58
117.3,-79.952270,43.263542,351.58
117.4,-79.952270,43.263542,351.22
117.5,-79.952270,43.263542,351.51
117.6,-79.952270,43.263542,351.77
117.7,-79.952270,43.263542,351.34
117.8,-79.952270,43.263542,351.62
117.9,-79.952270,43.263542,351.49
118.0,-79.952270,43.263542,351.36
118.1,-79.952270,43.263542,351.36
118.2,-79.952270,43.263542,350.91
118.3,-79.952270,43.263542,351.34
118.4,-79.952270,43.263542,351.49
118.5,-79.952270,43.263542,351.22
118.6,-79.952270,43.263542,351.28
118.7,-79.952270,43.263542,351.11
118.8,-79.952270,43.263542,351.76
118.9,-79.952270,43.263542,351.18
119.0,-79.952270,43.263542,350.85
119.1,-79.952270,43.263542,351.02
119.2,-79.952270,43.263542,351.13
119.3,-79.952270,43.263542,350.78
119.4,-79.952270,43.263542,350.87
119.5,-79.952270,43.263542,351.07
119.6,-79.952270,43.263542,351.42
119.7,-79.952270,43.263542,351.17
119.8,-79.952270,43.263542,351.04
119.9,-79.952270,43.263542,351.11
120.0,-79.952270,43.263542,351.17
120.1,-79.952270,43.263542,351.15
120.2,-79.952270,43.263542,351.12
120.3,-79.952270,43.263542,350.87
120.4,-79.952270,43.263542,350.91
120.5,-79.952270,43.263542,351.40
120.6,-79.952270,43.263542,351.13
120.7,-79.952270,43.263542,351.42
120.8,-79.952270,43.263542,351.00
120.9,-79.952270,43.263542,351.28
121.0,-79.952270,43.263542,351.42
121.1,-79.952270,43.263542,351.42
121.2,-79.952270,43.263542,351.44
121.3,-79.952270,43.263542,351.11
121.4,-79.952270,43.263542,351.28
121.5,-79.952270,43.263542,350.76
121.6,-79.952270,43.263542,351.13
121.7,-79.952270,43.263542,351.28
121.8,-79.952270,43.263542,351.26
121.9,-79.952270,43.263542,350.82
122.0,-79.952270,43.263542,351.53
122.1,-79.952270,43.263542,351.36
122.2,-79.952270,43.263542,351.24
122.3,-79.952270,43.263542,350.96
122.4,-79.952270,43.263542,351.28
122.5,-79.952270,43.263542,351.24
122.6,-79.952270,43.263542,351.13
122.7,-79.952270,43.263542,351.66
122.8,-79.952270,43.263542,351.53
122.9,-79.952270,43.263542,351.57
123.0,-79.952270,43.263542,351.40
123.1,-79.952270,43.263542,351.17
123.2,-79.952270,43.263542,351.38
123.3,-79.952270,43.263542,350.87
123.4,-79.952270,43.263542,351.11
123.5,-79.952270,43.263542,351.49
123.6,-79.952270,43.263542,351.62
123.7,-79.952270,43.263542,351.49
123.8,-79.952270,43.263542,351.42
123.9,-79.952270,43.263542,351.15
124.0,-79.952270,43.263542,351.44
124.1,-79.952270,43.263542,351.38
124.2,-79.952270,43.263542,351.26
124.3,-79.952270,43.263542,351.00
124.4,-79.952270,43.263542,351.26
124.5,-79.952270,43.263542,351.28
124.6,-79.952270,43.263542,351.40
124.7,-79.952270,43.263542,351.13
124.8,-79.952270,43.263542,351.04
124.9,-79.952270,43.263542,351.40
125.0,-79.952270,43.263542,351.55
125.1,-79.952270,43.263542,351.64
125.2,-79.952270,43.263542,351.13
125.3,-79.952270,43.263542,351.66
125.4,-79.952270,43.263542,351.49
125.5,-79.952270,43.263542,350.96
125.6,-79.952270,43.263542,351.28
125.7,-79.952270,43.263542,351.26
125.8,-79.952270,43.263542,351.00
125.9,-79.952270,43.263542,351.51
126.0,-79.952270,43.263542,351.36
126.1,-79.952270,43.263542,351.24
126.2,-79.952270,43.263542,351.44
126.3,-79.952270,43.263542,351.15
126.4,-79.952270,43.263542,351.26
126.5,-79.952270,43.263542,351.42
126.6,-79.952270,43.263542,351.04
126.7,-79.952270,43.263542,351.40
126.8,-79.952270,43.263542,351.19
126.9,-79.952270,43.263542,350.98
127.0,-79.952270,43.263542,351.17
127.1,-79.952270,43.263542,350.89
127.2,-79.952270,43.263542,350.93
127.3,-79.952270,43.263542,351.24
127.4,-79.952270,43.263542,350.87
127.5,-79.952270,43.263542,351.17
127.6,-79.952270,43.263542,351.15
127.7,-79.952270,43.263542,351.02
127.8,-79.952270,43.263542,351.57
127.9,-79.952270,43.263542,351.13
128.0,-79.952270,43.263542,351.21
128.1,-79.952270,43.263542,350.91
128.2,-79.952270,43.263542,351.06
128.3,-79.952270,43.263542,351.28
128.4,-79.952270,43.263542,351.06
128.5,-79.952270,43.263542,351.10
128.6,-79.952270,43.263542,351.30
128.7,-79.952270,43.263542,351.17
128.8,-79.952270,43.263542,350.95
128.9,-79.952270,43.263542,351.23
129.0,-79.952270,43.263542,350.82
129.1,-79.952270,43.263542,350.97
129.2,-79.952270,43.263542,350.91
129.3,-79.952270,43.263542,351.00
129.4,-79.952270,43.263542,350.65
129.5,-79.952270,43.263542,350.76
129.6,-79.952270,43.263542,350.74
129.7,-79.952270,43.263542,350.95
129.8,-79.952270,43.263542,350.82
129.9,-79.952270,43.263542,350.86
130.0,-79.952270,43.263542,350.97
130.1,-79.952270,43.263542,350.71
130.2,-79.952270,43.263542,350.88
130.3,-79.952270,43.263542,350.54
130.4,-79.952270,43.263542,350.62
130.5,-79.952270,43.263542,350.80
130.6,-79.952270,43.263542,350.54
130.7,-79.952270,43.263542,350.54
130.8,-79.952270,43.263542,350.60
130.9,-79.952270,43.263542,350.73
131.0,-79.952270,43.263542,350.69
131.1,-79.952270,43.263542,350.08
131.2,-79.952270,43.263542,350.45
131.3,-79.952270,43.263542,350.73
131.4,-79.952270,43.263542,350.47
131.5,-79.952270,43.263542,350.62
131.6,-79.952270,43.263542,350.69
131.7,-79.952270,43.263542,350.49
131.8,-79.952270,43.263542,350.49
131.9,-79.952270,43.263542,350.86
132.0,-79.952270,43.263542,350.56
132.1,-79.952270,43.263542,350.65
132.2,-79.952270,43.263542,350.56
132.3,-79.952270,43.263542,350.78
132.4,-79.952270,43.263542,350.82
132.5,-79.952270,43.263542,350.73
132.6,-79.952270,43.263542,351.08
132.7,-79.952270,43.263542,350.45
132.8,-79.952270,43.263542,350.73
132.9,-79.952270,43.263542,350.56
133.0,-79.952270,43.263542,350.67
133.1,-79.952270,43.263542,350.73
133.2,-79.952270,43.263542,350.71
133.3,-79.952270,43.263542,350.80
133.4,-79.952270,43.263542,350.73
133.5,-79.952270,43.263542,350.95
133.6,-79.952270,43.263542,350.87
133.7,-79.952270,43.263542,350.93
133.8,-79.952270,43.263542,350.65
133.9,-79.952270,43.263542,350.71
134.0,-79.952270,43.263542,351.17
134.1,-79.952270,43.263542,350.28
134.2,-79.952270,43.263542,350.95
134.3,-79.952270,43.263542,351.02
134.4,-79.952270,43.263542,350.93
134.5,-79.952270,43.263542,350.60
134.6,-79.952270,43.263542,350.78
134.7,-79.952270,43.263542,350.52
134.8,-79.952270,43.263542,350.82
134.9,-79.952270,43.263542,350.80
135.0,-79.952270,43.263542,350.41
135.1,-79.952270,43.263542,350.78
135.2,-79.952270,43.263542,350.32
135.3,-79.952270,43.263542,351.02
135.4,-79.952270,43.263542,350.52
135.5,-79.952270,43.263542,350.60
135.6,-79.952270,43.263542,350.78
135.7,-79.952270,43.263542,350.63
135.8,-79.952270,43.263542,350.56
135.9,-79.952270,43.263542,350.63
136.0,-79.952270,43.263542,351.26
136.1,-79.952270,43.263542,350.85
136.2,-79.952270,43.263542,351.21
136.3,-79.952270,43.263542,350.89
136.4,-79.952270,43.263542,350.87
136.5,-79.952270,43.263542,351.00
136.6,-79.952270,43.263542,351.00
136.7,-79.952270,43.263542,350.85
136.8,-79.952270,43.263542,350.93
136.9,-79.952270,43.263542,350.89
137.0,-79.952270,43.263542,350.78
137.1,-79.952270,43.263542,350.95
137.2,-79.952270,43.263542,350.80
137.3,-79.952270,43.263542,351.19
137.4,-79.952270,43.263542,350.91
137.5,-79.952270,43.263542,351.17
137.6,-79.952270,43.263542,350.65
137.7,-79.952270,43.263542,351.10
137.8,-79.952270,43.263542,351.30
137.9,-79.952262,43.263542,351.25
138.0,-79.952262,43.263542,351.08
138.1,-79.952262,43.263542,350.80
138.2,-79.952262,43.263542,350.95
138.3,-79.952262,43.263542,350.54
138.4,-79.952262,43.263542,350.78
138.5,-79.952262,43.263542,350.91
138.6,-79.952262,43.263542,350.78
138.7,-79.952262,43.263542,350.91
138.8,-79.952262,43.263542,350.80
138.9,-79.952262,43.263542,350.78
139.0,-79.952262,43.263542,350.89
139.1,-79.952262,43.263542,351.06
139.2,-79.952262,43.263542,350.60
139.3,-79.952262,43.263542,350.89
139.4,-79.952262,43.263542,350.41
139.5,-79.952262,43.263542,351.04
139.6,-79.952262,43.263542,350.86
139.7,-79.952262,43.263542,350.41
139.8,-79.952262,43.263542,90.00
139.9,-79.952262,43.263542,350.28
140.0,-79.952262,43.263542,350.32
140.1,-79.952262,43.263542,350.84
140.2,-79.952262,43.263542,350.88
140.3,-79.952262,43.263542,350.93
140.4,-79.952262,43.263542,350.71
140.5,-79.952262,43.263542,351.03
140.6,-79.952262,43.263542,350.62
140.7,-79.952262,43.263542,351.03
140.8,-79.952262,43.263542,351.10
140.9,-79.952262,43.263542,350.99
141.0,-79.952262,43.263542,350.71
141.1,-79.952262,43.263542,350.71
141.2,-79.952262,43.263542,350.73
141.3,-79.952262,43.263542,350.80
141.4,-79.952262,43.263542,350.91
141.5,-79.952262,43.263542,350.86
141.6,-79.952262,43.263542,350.71
141.7,-79.952262,43.263542,350.73
141.8,-79.952262,43.263542,351.05
141.9,-79.952262,43.263542,90.00
142.0,-79.952262,43.263542,351.01
142.1,-79.952262,43.263542,350.75
142.2,-79.952262,43.263542,350.65
142.3,-79.952262,43.263542,350.82
142.4,-79.952262,43.263542,350.47
142.5,-79.952262,43.263542,350.58
142.6,-79.952262,43.263542,350.29
142.7,-79.952262,43.263542,349.60
142.8,-79.952262,43.263542,349.75
142.9,-79.952262,43.263542,350.69
143.0,-79.952262,43.263542,351.54
143.1,-79.952262,43.263542,352.35
143.2,-79.952262,43.263542,352.08
143.3,-79.952262,43.263542,351.64
143.4,-79.952262,43.263542,351.43
143.5,-79.952262,43.263542,351.79
143.6,-79.952262,43.263542,351.87
143.7,-79.952262,43.263542,351.34
143.8,-79.952262,43.263542,352.12
143.9,-79.952262,43.263542,351.36
144.0,-79.952262,43.263542,351.28
144.1,-79.952262,43.263542,351.04
144.2,-79.952262,43.263542,350.52
144.3,-79.952262,43.263542,350.86
144.4,-79.952262,43.263542,349.94
144.5,-79.952262,43.263542,348.54
144.6,-79.952262,43.263542,348.49
144.7,-79.952262,43.263542,348.52
144.8,-79.952262,43.263542,348.94
144.9,-79.952262,43.263542,349.59
145.0,-79.952262,43.263542,349.51
145.1,-79.952262,43.263542,349.45
145.2,-79.952262,43.263542,349.48
145.3,-79.952262,43.263542,349.61
145.4,-79.952262,43.263542,349.38
145.5,-79.952262,43.263542,349.38
145.6,-79.952262,43.263542,349.85
145.7,-79.952262,43.263542,349.17
145.8,-79.952262,43.263542,349.53
145.9,-79.952262,43.263542,349.40
146.0,-79.952262,43.263542,349.02
146.1,-79.952262,43.263542,349.23
146.2,-79.952262,43.263542,350.02
146.3,-79.952262,43.263542,350.19
146.4,-79.952262,43.263542,349.87
146.5,-79.952262,43.263542,349.53
146.6,-79.952262,43.263542,350.17
146.7,-79.952262,43.263542,350.41
146.8,-79.952262,43.263542,350.19
146.9,-79.952262,43.263542,350.19
147.0,-79.952262,43.263542,350.45
147.1,-79.952262,43.263542,350.94
147.2,-79.952262,43.263542,350.87
147.3,-79.952262,43.263542,350.85
147.4,-79.952262,43.263542,350.82
147.5,-79.952262,43.263542,350.45
147.6,-79.952262,43.263542,350.78
147.7,-79.952262,43.263542,350.69
147.8,-79.952262,43.263542,350.58
147.9,-79.952262,43.263542,350.74
148.0,-79.952262,43.263542,351.06
148.1,-79.952262,43.263542,350.67
148.2,-79.952262,43.263542,350.58
148.3,-79.952262,43.263542,350.74
148.4,-79.952262,43.263542,350.93
148.5,-79.952262,43.263542,351.10
148.6,-79.952262,43.263542,351.13
148.7,-79.952262,43.263542,351.70
148.8,-79.952262,43.263542,351.53
148.9,-79.952262,43.263542,351.24
149.0,-79.952262,43.263542,351.20
149.1,-79.952262,43.263542,350.40
149.2,-79.952262,43.263542,350.71
149.3,-79.952262,43.263542,351.60
149.4,-79.952262,43.263542,351.27
149.5,-79.952262,43.263542,351.25
149.6,-79.952262,43.263542,351.18
149.7,-79.952262,43.263542,350.65
149.8,-79.952262,43.263542,350.43
149.9,-79.952262,43.263542,350.89
150.0,-79.952262,43.263542,350.76
150.1,-79.952262,43.263542,351.13
150.2,-79.952262,43.263542,350.85
150.3,-79.952262,43.263542,350.03
150.4,-79.952262,43.263542,350.78
150.5,-79.952262,43.263542,351.04
150.6,-79.952262,43.263542,351.09
150.7,-79.952262,43.263542,350.80
150.8,-79.952262,43.263534,350.47
150.9,-79.952262,43.263534,350.54
151.0,-79.952262,43.263534,350.16
151.1,-79.952262,43.263534,350.38
151.2,-79.952262,43.263534,350.16
151.3,-79.952262,43.263534,350.74
151.4,-79.952262,43.263534,350.85
151.5,-79.952262,43.263534,350.76
151.6,-79.952262,43.263534,350.71
151.7,-79.952262,43.263534,350.67
151.8,-79.952262,43.263534,350.36
151.9,-79.952262,43.263534,350.36
152.0,-79.952262,43.263534,350.74
152.1,-79.952262,43.263526,350.71
152.2,-79.952262,43.263526,350.41
152.3,-79.952262,43.263526,350.19
152.4,-79.952262,43.263526,350.93
152.5,-79.952262,43.263526,350.86
152.6,-79.952262,43.263526,350.60
152.7,-79.952255,43.263526,350.62
152.8,-79.952255,43.263526,350.91
152.9,-79.952255,43.263526,350.71
153.0,-79.952255,43.263526,350.65
153.1,-79.952255,43.263526,350.23
153.2,-79.952255,43.263526,349.84
153.3,-79.952255,43.263515,350.05
153.4,-79.952255,43.263515,349.98
153.5,-79.952255,43.263515,350.27
153.6,-79.952255,43.263515,350.03
153.7,-79.952255,43.263515,349.92
153.8,-79.952255,43.263515,349.74
153.9,-79.952255,43.263515,350.25
154.0,-79.952255,43.263515,350.12
154.1,-79.952255,43.263515,350.93
154.2,-79.952255,43.263515,350.49
154.3,-79.952255,43.263515,350.84
154.4,-79.952255,43.263515,351.10
154.5,-79.952255,43.263515,350.62
154.6,-79.952255,43.263515,350.78
154.7,-79.952247,43.263515,350.87
154.8,-79.952247,43.263515,350.74
154.9,-79.952247,43.263507,351.04
155.0,-79.952247,43.263507,350.87
155.1,-79.952247,43.263507,350.30
155.2,-79.952247,43.263507,350.04
155.3,-79.952247,43.263507,350.69
155.4,-79.952247,43.263507,350.76
155.5,-79.952247,43.263507,350.67
155.6,-79.952247,43.263507,350.52
155.7,-79.952247,43.263507,350.52
155.8,-79.952247,43.263507,350.32
155.9,-79.952247,43.263507,350.17
156.0,-79.952247,43.263507,350.56
156.1,-79.952247,43.263507,350.54
156.2,-79.952247,43.263507,350.60
156.3,-79.952247,43.263507,350.60
156.4,-79.952247,43.263507,350.58
156.5,-79.952247,43.263507,350.49
156.6,-79.952247,43.263507,350.49
156.7,-79.952247,43.263507,350.62
156.8,-79.952247,43.263507,350.95
156.9,-79.952247,43.263507,351.08
157.0,-79.952247,43.263507,351.10
157.1,-79.952247,43.263507,350.80
157.2,-79.952247,43.263507,350.69
157.3,-79.952247,43.263507,350.60
157.4,-79.952247,43.263507,350.54
157.5,-79.952247,43.263507,350.91
157.6,-79.952247,43.263507,351.13
157.7,-79.952247,43.263507,351.00
157.8,-79.952247,43.263507,350.82
157.9,-79.952247,43.263507,350.73
158.0,-79.952247,43.263507,350.69
158.1,-79.952247,43.263507,350.99
158.2,-79.952247,43.263507,350.71
158.3,-79.952247,43.263507,351.06
158.4,-79.952247,43.263507,350.97
158.5,-79.952247,43.263507,351.04
158.6,-79.952247,43.263507,350.52
158.7,-79.952247,43.263507,350.54
158.8,-79.952247,43.263507,351.17
158.9,-79.952247,43.263507,350.56
159.0,-79.952247,43.263507,350.43
159.1,-79.952247,43.263507,350.45
159.2,-79.952247,43.263507,350.58
159.3,-79.952247,43.263507,350.58
159.4,-79.952247,43.263507,350.89
159.5,-79.952247,43.263507,351.08
159.6,-79.952247,43.263507,351.04
159.7,-79.952247,43.263507,351.15
159.8,-79.952247,43.263507,350.49
159.9,-79.952247,43.263507,350.60
160.0,-79.952247,43.263507,350.93
160.1,-79.952247,43.263507,350.65
160.2,-79.952247,43.263507,351.21
160.3,-79.952247,43.263507,351.06
160.4,-79.952247,43.263507,350.97
160.5,-79.952247,43.263507,350.97
160.6,-79.952247,43.263507,350.45
160.7,-79.952247,43.263507,350.45
160.8,-79.952247,43.263507,351.27
160.9,-79.952247,43.263507,351.14
161.0,-79.952247,43.263507,350.91
161.1,-79.952247,43.263507,350.78
161.2,-79.952247,43.263507,350.65
161.3,-79.952247,43.263507,350.82
161.4,-79.952247,43.263507,350.82
161.5,-79.952247,43.263507,350.54
161.6,-79.952247,43.263507,350.89
161.7,-79.952247,43.263507,351.00
161.8,-79.952247,43.263507,350.63
161.9,-79.952247,43.263507,350.76
162.0,-79.952247,43.263507,350.84
162.1,-79.952247,43.263507,350.74
162.2,-79.952247,43.263507,350.82
162.3,-79.952247,43.263507,350.76
162.4,-79.952247,43.263507,351.13
162.5,-79.952247,43.263507,350.78
162.6,-79.952247,43.263507,350.62
162.7,-79.952247,43.263507,351.06
162.8,-79.952247,43.263507,350.84
162.9,-79.952247,43.263507,351.50
163.0,-79.952247,43.263507,351.14
163.1,-79.952247,43.263507,351.05
163.2,-79.952247,43.263507,351.27
163.3,-79.952247,43.263507,350.60
163.4,-79.952247,43.263507,350.56
163.5,-79.952247,43.263507,350.52
163.6,-79.952247,43.263507,350.88
163.7,-79.952247,43.263507,350.90
163.8,-79.952247,43.263507,350.56
163.9,-79.952247,43.263507,350.54
164.0,-79.952247,43.263507,350.30
164.1,-79.952247,43.263500,350.84
164.2,-79.952247,43.263500,350.60
164.3,-79.952247,43.263500,351.27
164.4,-79.952247,43.263500,351.24
164.5,-79.952247,43.263500,351.63
164.6,-79.952247,43.263492,350.97
164.7,-79.952247,43.263492,350.35
164.8,-79.952247,43.263492,350.10
164.9,-79.952239,43.263484,349.78
165.0,-79.952239,43.263484,351.68
165.1,-79.952239,43.263484,350.93
165.2,-79.952239,43.263484,350.25
165.3,-79.952239,43.263477,350.17
165.4,-79.952239,43.263477,350.56
165.5,-79.952232,43.263469,351.22
165.6,-79.952232,43.263469,350.95
165.7,-79.952239,43.263462,351.37
165.8,-79.952239,43.263462,351.23
165.9,-79.952239,43.263450,351.12
166.0,-79.952239,43.263450,350.54
166.1,-79.952232,43.263450,350.36
166.2,-79.952232,43.263442,349.50
166.3,-79.952232,43.263442,351.76
166.4,-79.952224,43.263435,351.44
166.5,-79.952224,43.263427,351.20
166.6,-79.952224,43.263427,350.15
166.7,-79.952217,43.263427,349.43
166.8,-79.952217,43.263420,348.99
166.9,-79.952201,43.263420,347.24
167.0,-79.952201,43.263412,346.75
167.1,-79.952194,43.263412,347.04
167.2,-79.952194,43.263404,346.00
167.3,-79.952186,43.263404,345.80
167.4,-79.952178,43.263393,346.61
167.5,-79.952178,43.263393,346.95
167.6,-79.952171,43.263385,346.96
167.7,-79.952163,43.263385,348.14
167.8,-79.952163,43.263378,348.95
167.9,-79.952156,43.263378,349.21
168.0,-79.952156,43.263370,349.88
168.1,-79.952148,43.263362,350.88
168.2,-79.952148,43.263362,350.35
168.3,-79.952148,43.263355,350.30
168.4,-79.952140,43.263347,350.07
168.5,-79.952140,43.263347,350.56
168.6,-79.952133,43.263339,351.46
168.7,-79.952133,43.263328,350.97
168.8,-79.952125,43.263320,350.84
168.9,-79.952125,43.263313,351.54
169.0,-79.952125,43.263313,351.54
169.1,-79.952117,43.263305,352.33
169.2,-79.952110,43.263298,352.28
169.3,-79.952110,43.263290,351.89
169.4,-79.952110,43.263282,352.00
169.5,-79.952102,43.263271,351.39
169.6,-79.952102,43.263263,352.29
169.7,-79.952095,43.263256,352.92
169.8,-79.952095,43.263248,353.02
169.9,-79.952079,43.263240,353.49
170.0,-79.952079,43.263233,353.43
170.1,-79.952072,43.263225,353.72
170.2,-79.952072,43.263217,352.97
170.3,-79.952064,43.263206,353.44
170.4,-79.952064,43.263198,353.65
170.5,-79.952056,43.263191,354.02
170.6,-79.952056,43.263183,353.16
170.7,-79.952049,43.263175,353.95
170.8,-79.952049,43.263168,353.76
170.9,-79.952041,43.263160,353.28
171.0,-79.952041,43.263149,353.62
171.1,-79.952033,43.263141,352.44
171.2,-79.952033,43.263126,353.44
171.3,-79.952026,43.263118,353.02
171.4,-79.952026,43.263111,353.98
171.5,-79.952018,43.263103,352.33
171.6,-79.952018,43.263095,352.66
171.7,-79.952011,43.263084,352.30
171.8,-79.952011,43.263076,352.91
171.9,-79.952003,43.263069,352.43
172.0,-79.952003,43.263053,352.99
172.1,-79.951995,43.263046,353.06
172.2,-79.951995,43.263038,351.89
172.3,-79.951988,43.263027,352.06
172.4,-79.951980,43.263019,351.37
172.5,-79.951980,43.263004,351.58
172.6,-79.951972,43.262996,352.44
172.7,-79.951957,43.262989,351.43
172.8,-79.951957,43.262981,351.72
172.9,-79.951950,43.262973,351.96
173.0,-79.951950,43.262954,351.48
173.1,-79.951942,43.262947,350.88
173.2,-79.951934,43.262939,351.10
173.3,-79.951934,43.262931,350.71
173.4,-79.951927,43.262916,350.39
173.5,-79.951927,43.262905,350.45
173.6,-79.951919,43.262897,350.85
173.7,-79.951919,43.262889,350.98
173.8,-79.951911,43.262874,350.35
173.9,-79.951904,43.262866,350.52
174.0,-79.951904,43.262859,350.69
174.1,-79.951896,43.262851,350.62
174.2,-79.951889,43.262832,350.43
174.3,-79.951889,43.262825,349.92
174.4,-79.951881,43.262817,350.56
174.5,-79.951873,43.262809,350.99
174.6,-79.951873,43.262794,349.52
174.7,-79.951866,43.262783,350.27
174.8,-79.951866,43.262775,350.31
174.9,-79.951858,43.262767,350.01
175.0,-79.951858,43.262752,349.58
175.1,-79.951850,43.262744,350.20
175.2,-79.951835,43.262737,349.95
175.3,-79.951828,43.262718,350.62
175.4,-79.951828,43.262710,350.60
175.5,-79.951820,43.262702,350.18
175.6,-79.951820,43.262695,350.72
175.7,-79.951812,43.262687,350.05
175.8,-79.951805,43.262672,350.03
175.9,-79.951805,43.262660,350.20
176.0,-79.951797,43.262653,350.24
176.1,-79.951789,43.262638,349.89
176.2,-79.951789,43.262630,350.52
176.3,-79.951782,43.262622,349.79
176.4,-79.951774,43.262615,350.17
176.5,-79.951774,43.262596,349.65
176.6,-79.951766,43.262588,349.63
176.7,-79.951759,43.262580,349.81
176.8,-79.951759,43.262565,349.70
176.9,-79.951751,43.262557,348.34
177.0,-79.951744,43.262550,348.71
177.1,-79.951744,43.262531,348.94
177.2,-79.951736,43.262523,349.24
177.3,-79.951728,43.262508,349.29
177.4,-79.951728,43.262500,349.14
177.5,-79.951713,43.262493,348.33
177.6,-79.951705,43.262485,348.89
177.7,-79.951705,43.262466,349.41
177.8,-79.951698,43.262458,347.91
177.9,-79.951690,43.262443,349.45
178.0,-79.951683,43.262435,348.47
178.1,-79.951675,43.262428,347.72
178.2,-79.951675,43.262416,90.00
178.3,-79.951667,43.262401,348.97
178.4,-79.951660,43.262393,345.56
178.5,-79.951652,43.262386,344.95
178.6,-79.951644,43.262371,345.11
178.7,-79.951637,43.262363,344.76
178.8,-79.951629,43.262351,341.74
178.9,-79.951622,43.262344,340.24
179.0,-79.951622,43.262329,340.20
179.1,-79.951614,43.262321,340.36
179.2,-79.951606,43.262313,342.30
179.3,-79.951591,43.262294,342.52
179.4,-79.951583,43.262287,352.43
179.5,-79.951576,43.262279,358.98
179.6,-79.951568,43.262271,8.11
179.7,-79.951560,43.262264,10.55
179.8,-79.951553,43.262248,7.33
179.9,-79.951545,43.262241,359.60
180.0,-79.951538,43.262229,349.51
180.1,-79.951522,43.262222,347.56
180.2,-79.951515,43.262207,346.25
180.3,-79.951507,43.262199,346.21
180.4,-79.951499,43.262191,345.82
180.5,-79.951492,43.262184,345.67
180.6,-79.951469,43.262172,344.65
180.7,-79.951461,43.262165,344.36
180.8,-79.951454,43.262157,343.92
180.9,-79.951446,43.262149,343.40
181.0,-79.951431,43.262142,344.11
181.1,-79.951423,43.262134,342.94
181.2,-79.951408,43.262126,341.81
181.3,-79.951400,43.262119,340.87
181.4,-79.951393,43.262107,340.38
181.5,-79.951377,43.262100,340.24
181.6,-79.951370,43.262092,342.07
181.7,-79.951347,43.262084,340.12
181.8,-79.951339,43.262077,339.90
181.9,-79.951324,43.262069,340.18
182.0,-79.951309,43.262062,339.86
182.1,-79.951301,43.262050,337.87
182.2,-79.951286,43.262042,337.95
182.3,-79.951278,43.262042,337.85
182.4,-79.951263,43.262035,337.07
182.5,-79.951248,43.262027,337.53
182.6,-79.951240,43.262020,337.15
182.7,-79.951217,43.262020,335.26
182.8,-79.951202,43.262012,335.74
182.9,-79.951187,43.262004,335.54
183.0,-79.951179,43.262004,335.11
183.1,-79.951164,43.261997,335.65
183.2,-79.951148,43.261985,334.91
183.3,-79.951133,43.261985,333.94
183.4,-79.951118,43.261978,334.06
183.5,-79.951103,43.261970,90.00
183.6,-79.951087,43.261962,333.24
183.7,-79.951072,43.261962,333.43
183.8,-79.951057,43.261955,333.82
183.9,-79.951042,43.261955,333.50
184.0,-79.951034,43.261947,333.11
184.1,-79.951019,43.261947,332.93
184.2,-79.951004,43.261940,333.18
184.3,-79.950981,43.261928,332.23
184.4,-79.950965,43.261928,332.98
184.5,-79.950958,43.261920,331.98
184.6,-79.950942,43.261920,331.30
184.7,-79.950927,43.261913,331.94
184.8,-79.950912,43.261913,331.16
184.9,-79.950897,43.261905,331.79
185.0,-79.950881,43.261905,331.48
185.1,-79.950859,43.261898,331.07
185.2,-79.950851,43.261898,330.84
185.3,-79.950836,43.261890,331.91
185.4,-79.950820,43.261890,332.15
185.5,-79.950805,43.261882,331.59
185.6,-79.950790,43.261882,329.10
185.7,-79.950775,43.261882,328.26
185.8,-79.950767,43.261875,329.41
185.9,-79.950752,43.261875,329.97
186.0,-79.950729,43.261863,330.53
186.1,-79.950714,43.261863,330.97
186.2,-79.950698,43.261856,331.28
186.3,-79.950691,43.261856,331.02
186.4,-79.950675,43.261856,331.36
186.5,-79.950660,43.261848,331.38
186.6,-79.950645,43.261848,333.50
186.7,-79.950630,43.261840,333.74
186.8,-79.950607,43.261840,334.90
186.9,-79.950599,43.261833,90.00
187.0,-79.950584,43.261833,328.34
187.1,-79.950569,43.261825,327.15
187.2,-79.950553,43.261825,327.68
187.3,-79.950538,43.261825,327.84
187.4,-79.950531,43.261817,328.43
187.5,-79.950515,43.261817,328.97
187.6,-79.950492,43.261806,328.17
187.7,-79.950477,43.261806,328.42
187.8,-79.950462,43.261798,328.46
187.9,-79.950447,43.261798,327.26
188.0,-79.950439,43.261791,328.31
188.1,-79.950424,43.261791,328.10
188.2,-79.950408,43.261791,328.42
188.3,-79.950393,43.261783,329.04
188.4,-79.950370,43.261783,328.31
188.5,-79.950355,43.261775,327.44
188.6,-79.950347,43.261775,327.53
188.7,-79.950332,43.261768,328.01
188.8,-79.950317,43.261768,325.20
188.9,-79.950302,43.261760,324.20
189.0,-79.950286,43.261760,324.16
189.1,-79.950271,43.261753,324.05
189.2,-79.950263,43.261753,323.24
189.3,-79.950233,43.261753,323.37
189.4,-79.950225,43.261741,324.00
189.5,-79.950210,43.261741,325.55
189.6,-79.950195,43.261734,325.71
189.7,-79.950180,43.261734,325.33
189.8,-79.950164,43.261726,328.10
189.9,-79.950149,43.261726,327.04
190.0,-79.950126,43.261718,328.20
190.1,-79.950111,43.261718,328.61
190.2,-79.950096,43.261718,328.30
190.3,-79.950080,43.261711,328.26
190.4,-79.950073,43.261711,327.75
190.5,-79.950057,43.261703,328.32
190.6,-79.950042,43.261703,328.72
190.7,-79.950027,43.261695,327.44
190.8,-79.950004,43.261695,326.51
190.9,-79.949989,43.261684,326.34
191.0,-79.949974,43.261684,326.45
191.1,-79.949958,43.261676,326.58
191.2,-79.949943,43.261676,328.05
191.3,-79.949928,43.261669,328.16
191.4,-79.949913,43.261669,329.01
191.5,-79.949897,43.261669,330.12
191.6,-79.949874,43.261661,330.75
191.7,-79.949859,43.261661,330.69
191.8,-79.949844,43.261653,330.81
191.9,-79.949829,43.261653,331.53
192.0,-79.949813,43.261646,331.11
192.1,-79.949798,43.261646,331.77
192.2,-79.949783,43.261638,331.18
192.3,-79.949760,43.261638,329.52
192.4,-79.949745,43.261631,333.30
192.5,-79.949729,43.261631,326.42
192.6,-79.949714,43.261619,333.43
192.7,-79.949699,43.261619,334.20
192.8,-79.949676,43.261611,334.07
192.9,-79.949661,43.261611,334.14
193.0,-79.949638,43.261604,333.82
193.1,-79.949623,43.261604,334.47
193.2,-79.949607,43.261596,334.34
193.3,-79.949592,43.261596,333.43
193.4,-79.949577,43.261589,333.63
193.5,-79.949562,43.261589,334.08
193.6,-79.949546,43.261581,333.69
193.7,-79.949531,43.261581,332.79
193.8,-79.949508,43.261573,332.59
193.9,-79.949493,43.261573,332.92
194.0,-79.949470,43.261573,333.69
194.1,-79.949455,43.261562,333.57
194.2,-79.949440,43.261554,332.79
194.3,-79.949424,43.261554,332.92
194.4,-79.949409,43.261547,332.85
194.5,-79.949386,43.261547,332.92
194.6,-79.949371,43.261547,332.21
194.7,-79.949356,43.261539,332.22
194.8,-79.949340,43.261539,332.59
194.9,-79.949325,43.261531,332.65
195.0,-79.949310,43.261531,332.47
195.1,-79.949295,43.261524,332.60
195.2,-79.949272,43.261524,331.56
195.3,-79.949256,43.261516,331.17
195.4,-79.949241,43.261516,331.45
195.5,-79.949226,43.261516,330.31
195.6,-79.949211,43.261508,329.13
195.7,-79.949195,43.261508,327.86
195.8,-79.949180,43.261497,326.85
195.9,-79.949165,43.261497,326.74
196.0,-79.949142,43.261489,328.77
196.1,-79.949127,43.261489,328.01
196.2,-79.949111,43.261482,329.11
196.3,-79.949096,43.261482,329.60
196.4,-79.949081,43.261474,330.09
196.5,-79.949066,43.261474,329.79
196.6,-79.949050,43.261466,329.47
196.7,-79.949028,43.261466,329.23
196.8,-79.949012,43.261459,328.25
196.9,-79.948997,43.261459,328.30
197.0,-79.948974,43.261451,328.01
197.1,-79.948959,43.261451,328.01
197.2,-79.948944,43.261440,327.19
197.3,-79.948928,43.261440,327.12
197.4,-79.948905,43.261440,326.54
197.5,-79.948890,43.261432,326.50
197.6,-79.948875,43.261432,326.42
197.7,-79.948860,43.261425,326.43
197.8,-79.948837,43.261425,325.97
197.9,-79.948822,43.261417,325.50
198.0,-79.948806,43.261417,324.41
198.1,-79.948783,43.261409,323.38
198.2,-79.948768,43.261409,323.40
198.3,-79.948753,43.261409,322.32
198.4,-79.948730,43.261402,322.31
198.5,-79.948715,43.261402,322.88
198.6,-79.948699,43.261402,322.00
198.7,-79.948684,43.261394,322.19
198.8,-79.948654,43.261394,322.46
198.9,-79.948638,43.261394,321.69
199.0,-79.948623,43.261394,321.45
199.1,-79.948608,43.261386,321.16
199.2,-79.948585,43.261386,321.60
199.3,-79.948570,43.261386,320.81
199.4,-79.948554,43.261386,320.44
199.5,-79.948524,43.261375,320.44
199.6,-79.948509,43.261375,320.74
199.7,-79.948493,43.261375,321.14
199.8,-79.948471,43.261375,320.27
199.9,-79.948455,43.261375,320.18
200.0,-79.948440,43.261367,319.64
200.1,-79.948410,43.261367,318.77
200.2,-79.948394,43.261367,319.13
200.3,-79.948379,43.261367,319.35
200.4,-79.948356,43.261367,318.65
200.5,-79.948341,43.261367,318.24
200.6,-79.948326,43.261367,317.73
200.7,-79.948295,43.261367,318.12
200.8,-79.948280,43.261367,316.97
200.9,-79.948257,43.261367,317.20
201.0,-79.948242,43.261367,316.79
201.1,-79.948226,43.261367,316.80
201.2,-79.948204,43.261367,316.59
201.3,-79.948188,43.261367,316.07
201.4,-79.948165,43.261367,316.28
201.5,-79.948143,43.261367,316.61
201.6,-79.948127,43.261367,315.22
201.7,-79.948112,43.261367,314.78
201.8,-79.948089,43.261375,314.89
201.9,-79.948074,43.261375,314.35
202.0,-79.948051,43.261375,314.13
202.1,-79.948028,43.261375,314.13
202.2,-79.948013,43.261375,313.80
202.3,-79.947998,43.261375,313.67
202.4,-79.947975,43.261375,314.33
202.5,-79.947959,43.261386,314.22
202.6,-79.947944,43.261386,313.53
202.7,-79.947914,43.261386,313.64
202.8,-79.947898,43.261386,313.40
202.9,-79.947883,43.261394,313.17
203.0,-79.947860,43.261394,311.88
203.1,-79.947845,43.261394,312.47
203.2,-79.947830,43.261394,311.93
203.3,-79.947799,43.261402,311.31
203.4,-79.947784,43.261402,311.66
203.5,-79.947769,43.261402,311.37
203.6,-79.947753,43.261409,311.52
203.7,-79.947731,43.261409,311.19
203.8,-79.947715,43.261417,310.67
203.9,-79.947700,43.261417,310.53
204.0,-79.947677,43.261417,310.60
204.1,-79.947654,43.261425,311.08
204.2,-79.947639,43.261425,310.81
204.3,-79.947624,43.261432,309.74
204.4,-79.947608,43.261432,309.53
204.5,-79.947586,43.261432,309.38
204.6,-79.947563,43.261440,310.14
204.7,-79.947547,43.261440,310.57
204.8,-79.947532,43.261451,309.43
204.9,-79.947509,43.261451,310.23
205.0,-79.947494,43.261459,309.64
205.1,-79.947479,43.261459,310.55
205.2,-79.947463,43.261466,310.89
205.3,-79.947441,43.261466,311.84
205.4,-79.947425,43.261474,312.32
205.5,-79.947402,43.261474,310.99
205.6,-79.947387,43.261474,309.01
205.7,-79.947372,43.261482,309.55
205.8,-79.947357,43.261482,311.03
205.9,-79.947341,43.261489,310.62
206.0,-79.947311,43.261489,310.98
206.1,-79.947296,43.261497,310.13
206.2,-79.947280,43.261497,310.08
206.3,-79.947265,43.261497,309.93
206.4,-79.947250,43.261508,309.57
206.5,-79.947235,43.261508,310.69
206.6,-79.947212,43.261508,310.89
206.7,-79.947189,43.261516,310.45
206.8,-79.947174,43.261516,310.91
206.9,-79.947158,43.261516,311.62
207.0,-79.947143,43.261524,311.59
207.1,-79.947120,43.261524,310.73
207.2,-79.947105,43.261524,311.22
207.3,-79.947090,43.261531,311.19
207.4,-79.947067,43.261531,311.03
207.5,-79.947052,43.261539,310.98
207.6,-79.947029,43.261539,310.73
207.7,-79.947013,43.261539,310.79
207.8,-79.946998,43.261547,310.55
207.9,-79.946975,43.261547,90.00
208.0,-79.946952,43.261554,310.44
208.1,-79.946937,43.261554,310.88
208.2,-79.946922,43.261554,310.88
208.3,-79.946907,43.261562,310.86
208.4,-79.946884,43.261562,311.49
208.5,-79.946868,43.261573,311.45
208.6,-79.946853,43.261573,311.22
208.7,-79.946830,43.261573,310.84
208.8,-79.946815,43.261581,310.90
208.9,-79.946800,43.261581,310.90
209.0,-79.946777,43.261589,311.36
209.1,-79.946762,43.261589,311.59
209.2,-79.946746,43.261589,310.90
209.3,-79.946731,43.261596,310.67
209.4,-79.946708,43.261596,310.77
209.5,-79.946685,43.261604,311.03
209.6,-79.946670,43.261604,310.53
209.7,-79.946655,43.261604,311.38
209.8,-79.946640,43.261611,310.79
209.9,-79.946624,43.261611,311.51
210.0,-79.946601,43.261619,311.63
210.1,-79.946578,43.261619,311.39
210.2,-79.946563,43.261619,311.61
210.3,-79.946548,43.261631,310.75
210.4,-79.946533,43.261631,310.62
210.5,-79.946517,43.261631,310.24
210.6,-79.946502,43.261638,310.36
210.7,-79.946479,43.261638,312.04
210.8,-79.946456,43.261638,312.30
210.9,-79.946441,43.261646,311.11
211.0,-79.946426,43.261646,311.48
211.1,-79.946411,43.261646,311.62
211.2,-79.946395,43.261653,311.46
211.3,-79.946380,43.261653,311.66
211.4,-79.946365,43.261653,311.61
211.5,-79.946342,43.261661,311.95
211.6,-79.946319,43.261661,311.83
211.7,-79.946304,43.261661,311.63
211.8,-79.946289,43.261661,312.34
211.9,-79.946273,43.261669,313.26
212.0,-79.946258,43.261669,312.53
212.1,-79.946243,43.261669,312.22
212.2,-79.946220,43.261669,312.90
212.3,-79.946205,43.261669,312.68
212.4,-79.946189,43.261669,312.58
212.5,-79.946174,43.261676,312.06
212.6,-79.946151,43.261676,313.55
212.7,-79.946136,43.261676,314.18
212.8,-79.946121,43.261676,313.67
212.9,-79.946098,43.261676,313.69
213.0,-79.946083,43.261676,314.70
213.1,-79.946067,43.261676,314.70
213.2,-79.946052,43.261676,315.40
213.3,-79.946037,43.261676,315.39
213.4,-79.946022,43.261669,315.49
213.5,-79.945999,43.261669,315.60
213.6,-79.945976,43.261669,316.80
213.7,-79.945960,43.261669,317.46
213.8,-79.945945,43.261669,317.36
213.9,-79.945930,43.261669,317.61
214.0,-79.945915,43.261661,317.48
214.1,-79.945899,43.261661,318.62
214.2,-79.945877,43.261661,319.09
214.3,-79.945854,43.261653,319.09
214.4,-79.945838,43.261653,319.80
214.5,-79.945823,43.261653,320.30
214.6,-79.945808,43.261646,320.67
214.7,-79.945793,43.261646,320.60
214.8,-79.945777,43.261646,320.14
214.9,-79.945762,43.261638,321.40
215.0,-79.945747,43.261638,322.20
215.1,-79.945716,43.261631,322.17
215.2,-79.945701,43.261631,322.16
215.3,-79.945686,43.261619,322.17
215.4,-79.945678,43.261611,322.64
215.5,-79.945655,43.261611,322.59
215.6,-79.945648,43.261604,322.63
215.7,-79.945632,43.261604,323.85
215.8,-79.945610,43.261596,323.96
215.9,-79.945594,43.261596,324.38
216.0,-79.945579,43.261589,325.86
216.1,-79.945564,43.261581,325.63
216.2,-79.945556,43.261581,325.64
216.3,-79.945541,43.261573,326.85
216.4,-79.945526,43.261562,328.22
216.5,-79.945510,43.261554,329.88
216.6,-79.945503,43.261554,329.53
216.7,-79.945480,43.261547,327.70
216.8,-79.945472,43.261539,329.38
216.9,-79.945457,43.261539,329.06
217.0,-79.945442,43.261531,328.67
217.1,-79.945434,43.261524,328.90
217.2,-79.945426,43.261524,329.90
217.3,-79.945411,43.261516,329.43
217.4,-79.945404,43.261508,330.72
217.5,-79.945388,43.261508,330.69
217.6,-79.945381,43.261497,330.93
217.7,-79.945365,43.261489,330.93
217.8,-79.945350,43.261482,331.35
217.9,-79.945343,43.261482,331.29
218.0,-79.945335,43.261474,331.58
218.1,-79.945327,43.261466,331.83
218.2,-79.945320,43.261466,331.83
218.3,-79.945304,43.261459,331.90
218.4,-79.945297,43.261451,332.08
218.5,-79.945289,43.261451,332.19
218.6,-79.945281,43.261440,332.32
218.7,-79.945274,43.261432,332.20
218.8,-79.945266,43.261432,332.51
218.9,-79.945259,43.261425,332.97
219.0,-79.945243,43.261417,332.79
219.1,-79.945236,43.261409,333.43
219.2,-79.945228,43.261409,333.38
219.3,-79.945220,43.261402,334.07
219.4,-79.945213,43.261394,334.78
219.5,-79.945205,43.261394,334.47
219.6,-79.945205,43.261386,335.22
219.7,-79.945198,43.261375,334.90
219.8,-79.945190,43.261375,334.76
219.9,-79.945182,43.261367,335.13
220.0,-79.945182,43.261360,334.83
220.1,-79.945175,43.261360,335.42
220.2,-79.945167,43.261352,335.65
220.3,-79.945159,43.261344,335.80
220.4,-79.945159,43.261344,335.76
220.5,-79.945152,43.261337,336.12
220.6,-79.945152,43.261337,336.27
220.7,-79.945144,43.261329,337.52
220.8,-79.945137,43.261329,337.25
220.9,-79.945137,43.261318,337.44
221.0,-79.945137,43.261318,337.66
221.1,-79.945121,43.261310,337.98
221.2,-79.945121,43.261310,337.68
221.3,-79.945114,43.261302,337.56
221.4,-79.945114,43.261302,338.89
221.5,-79.945114,43.261295,338.94
221.6,-79.945106,43.261295,338.72
221.7,-79.945106,43.261295,337.93
221.8,-79.945098,43.261287,338.00
221.9,-79.945098,43.261287,338.85
222.0,-79.945098,43.261280,338.80
222.1,-79.945091,43.261280,338.37
222.2,-79.945091,43.261280,338.30
222.3,-79.945091,43.261280,338.22
222.4,-79.945091,43.261272,338.10
222.5,-79.945083,43.261272,338.30
222.6,-79.945083,43.261272,339.09
222.7,-79.945083,43.261272,339.41
222.8,-79.945083,43.261272,339.74
222.9,-79.945083,43.261272,339.61
223.0,-79.945075,43.261264,338.45
223.1,-79.945075,43.261264,338.00
223.2,-79.945075,43.261264,338.15
223.3,-79.945075,43.261264,338.72
223.4,-79.945075,43.261264,338.76
223.5,-79.945075,43.261264,338.79
223.6,-79.945075,43.261264,338.93
223.7,-79.945075,43.261264,338.86
223.8,-79.945075,43.261264,338.72
223.9,-79.945075,43.261253,338.86
224.0,-79.945068,43.261253,339.20
224.1,-79.945068,43.261253,338.98
224.2,-79.945068,43.261253,339.61
224.3,-79.945068,43.261253,339.35
224.4,-79.945068,43.261253,339.40
224.5,-79.945068,43.261253,339.60
224.6,-79.945068,43.261253,339.44
224.7,-79.945068,43.261253,339.68
224.8,-79.945068,43.261253,339.60
224.9,-79.945068,43.261253,340.05
225.0,-79.945068,43.261253,339.77
225.1,-79.945068,43.261253,339.51
225.2,-79.945068,43.261253,339.29
225.3,-79.945068,43.261253,339.68
225.4,-79.945068,43.261253,339.83
225.5,-79.945068,43.261253,339.60
225.6,-79.945068,43.261253,339.38
225.7,-79.945068,43.261253,339.55
225.8,-79.945068,43.261253,339.76
225.9,-79.945068,43.261253,339.97
226.0,-79.945075,43.261253,339.66
226.1,-79.945075,43.261253,339.76
226.2,-79.945075,43.261253,339.80
226.3,-79.945075,43.261253,339.76
226.4,-79.945075,43.261253,339.58
226.5,-79.945075,43.261253,339.38
226.6,-79.945075,43.261253,339.80
226.7,-79.945075,43.261253,339.63
226.8,-79.945075,43.261253,339.88
226.9,-79.945075,43.261253,339.88
227.0,-79.945075,43.261253,339.46
227.1,-79.945075,43.261253,339.47
227.2,-79.945075,43.261253,339.83
227.3,-79.945075,43.261253,340.21
227.4,-79.945075,43.261253,338.94
227.5,-79.945075,43.261253,339.16
227.6,-79.945075,43.261253,339.19
227.7,-79.945075,43.261253,339.37
227.8,-79.945075,43.261253,339.62
227.9,-79.945075,43.261253,339.22
228.0,-79.945075,43.261253,339.70
228.1,-79.945075,43.261253,339.70
228.2,-79.945075,43.261253,340.20
228.3,-79.945075,43.261253,340.33
228.4,-79.945075,43.261253,340.20
228.5,-79.945075,43.261253,340.28
228.6,-79.945075,43.261253,339.76
228.7,-79.945075,43.261253,339.71
228.8,-79.945075,43.261253,339.46
228.9,-79.945075,43.261253,339.66
229.0,-79.945075,43.261253,339.74
229.1,-79.945075,43.261253,339.62
229.2,-79.945075,43.261253,340.21
229.3,-79.945075,43.261253,339.90
229.4,-79.945075,43.261253,339.79
229.5,-79.945075,43.261253,339.82
229.6,-79.945075,43.261253,339.55
229.7,-79.945075,43.261253,339.90
229.8,-79.945075,43.261253,339.70
229.9,-79.945075,43.261253,339.79
230.0,-79.945075,43.261253,339.57
230.1,-79.945075,43.261253,339.24
230.2,-79.945075,43.261253,339.49
230.3,-79.945075,43.261253,339.83
230.4,-79.945075,43.261253,339.95
230.5,-79.945075,43.261253,339.27
230.6,-79.945075,43.261253,339.82
230.7,-79.945075,43.261253,340.26
230.8,-79.945075,43.261253,339.79
230.9,-79.945075,43.261253,339.79
231.0,-79.945075,43.261253,339.95
231.1,-79.945075,43.261253,339.78
231.2,-79.945075,43.261253,339.74
231.3,-79.945075,43.261253,339.49
231.4,-79.945075,43.261253,339.27
231.5,-79.945075,43.261253,339.57
231.6,-79.945075,43.261253,339.37
231.7,-79.945075,43.261253,339.79
231.8,-79.945075,43.261253,339.51
231.9,-79.945075,43.261253,339.68
232.0,-79.945075,43.261253,340.02
232.1,-79.945075,43.261253,339.60
232.2,-79.945075,43.261253,340.14
232.3,-79.945075,43.261253,339.68
232.4,-79.945075,43.261253,339.55
232.5,-79.945075,43.261253,338.69
232.6,-79.945075,43.261253,338.61
232.7,-79.945075,43.261253,338.64
232.8,-79.945075,43.261253,338.32
232.9,-79.945075,43.261253,337.29
233.0,-79.945075,43.261253,337.06
233.1,-79.945075,43.261253,336.10
233.2,-79.945075,43.261253,336.21
233.3,-79.945075,43.261253,336.35
233.4,-79.945075,43.261253,336.08
233.5,-79.945075,43.261253,336.39
233.6,-79.945075,43.261253,336.70
233.7,-79.945075,43.261245,338.72
233.8,-79.945068,43.261245,339.13
233.9,-79.945068,43.261245,338.77
234.0,-79.945068,43.261245,338.75
234.1,-79.945068,43.261245,338.82
234.2,-79.945068,43.261238,338.62
234.3,-79.945068,43.261238,338.83
234.4,-79.945068,43.261238,339.40
234.5,-79.945060,43.261238,339.33
234.6,-79.945060,43.261230,338.90
234.7,-79.945060,43.261230,339.13
234.8,-79.945053,43.261230,338.75
234.9,-79.945053,43.261222,338.90
235.0,-79.945053,43.261222,337.47
235.1,-79.945045,43.261222,338.17
235.2,-79.945045,43.261215,338.39
235.3,-79.945045,43.261215,338.80
235.4,-79.945037,43.261207,338.89
235.5,-79.945037,43.261207,338.69
235.6,-79.945030,43.261196,338.50
235.7,-79.945030,43.261196,338.17
235.8,-79.945022,43.261188,337.85
235.9,-79.945022,43.261180,337.24
236.0,-79.945022,43.261180,338.08
236.1,-79.945014,43.261173,90.00
236.2,-79.945014,43.261173,338.37
236.3,-79.944999,43.261165,338.97
236.4,-79.944999,43.261157,338.94
236.5,-79.944999,43.261157,339.90
236.6,-79.944992,43.261150,339.51
236.7,-79.944992,43.261142,338.93
236.8,-79.944984,43.261131,339.15
236.9,-79.944984,43.261123,338.87
237.0,-79.944984,43.261123,338.87
237.1,-79.944976,43.261116,338.79
237.2,-79.944976,43.261108,338.25
237.3,-79.944969,43.261100,338.74
237.4,-79.944969,43.261100,338.80
237.5,-79.944961,43.261093,339.24
237.6,-79.944961,43.261085,339.38
237.7,-79.944953,43.261074,339.10
237.8,-79.944946,43.261066,339.19
237.9,-79.944946,43.261066,339.10
238.0,-79.944938,43.261058,338.94
238.1,-79.944938,43.261051,339.44
238.2,-79.944931,43.261043,338.45
238.3,-79.944923,43.261043,339.49
238.4,-79.944923,43.261035,339.11
238.5,-79.944915,43.261028,339.51
238.6,-79.944908,43.261020,339.36
238.7,-79.944908,43.261009,339.35
238.8,-79.944900,43.261001,339.21
238.9,-79.944892,43.260993,338.67
239.0,-79.944892,43.260993,338.78
239.1,-79.944877,43.260986,338.83
239.2,-79.944869,43.260978,338.90
239.3,-79.944862,43.260971,338.70
239.4,-79.944862,43.260963,339.32
239.5,-79.944854,43.260951,338.55
239.6,-79.944847,43.260944,339.67
239.7,-79.944839,43.260936,339.14
239.8,-79.944839,43.260929,339.44
239.9,-79.944831,43.260921,337.73
240.0,-79.944824,43.260913,336.21
240.1,-79.944816,43.260913,335.58
240.2,-79.944808,43.260906,334.66
240.3,-79.944801,43.260898,336.38
240.4,-79.944793,43.260887,335.62
240.5,-79.944793,43.260879,336.22
240.6,-79.944786,43.260864,335.34
240.7,-79.944778,43.260856,334.34
240.8,-79.944770,43.260848,335.02
240.9,-79.944755,43.260841,333.25
241.0,-79.944747,43.260829,332.59
241.1,-79.944740,43.260822,332.95
241.2,-79.944732,43.260814,334.40
241.3,-79.944725,43.260807,333.98
241.4,-79.944717,43.260799,334.54
241.5,-79.944709,43.260791,334.96
241.6,-79.944702,43.260784,333.68
241.7,-79.944694,43.260776,334.29
241.8,-79.944679,43.260765,333.19
241.9,-79.944671,43.260757,332.82
242.0,-79.944664,43.260749,333.00
242.1,-79.944656,43.260742,331.86
242.2,-79.944648,43.260734,332.21
242.3,-79.944633,43.260719,332.58
242.4,-79.944625,43.260707,331.69
242.5,-79.944610,43.260700,332.13
242.6,-79.944602,43.260692,331.46
242.7,-79.944595,43.260684,331.03
242.8,-79.944580,43.260677,331.71
242.9,-79.944572,43.260669,331.30
243.0,-79.944564,43.260662,331.23
243.1,-79.944549,43.260654,331.13
243.2,-79.944541,43.260643,330.51
243.3,-79.944534,43.260635,329.65
243.4,-79.944511,43.260627,330.58
243.5,-79.944503,43.260620,330.31
243.6,-79.944496,43.260612,329.15
243.7,-79.944480,43.260604,329.89
243.8,-79.944473,43.260597,329.51
243.9,-79.944458,43.260585,329.49
244.0,-79.944450,43.260578,329.11
244.1,-79.944442,43.260570,329.18
244.2,-79.944427,43.260562,329.35
244.3,-79.944419,43.260555,328.22
244.4,-79.944404,43.260547,326.77
244.5,-79.944389,43.260540,330.84
244.6,-79.944374,43.260532,329.96
244.7,-79.944366,43.260532,329.01
244.8,-79.944351,43.260513,328.72
244.9,-79.944343,43.260505,327.98
245.0,-79.944328,43.260505,328.29
245.1,-79.944320,43.260498,327.86
245.2,-79.944305,43.260490,328.48
245.3,-79.944297,43.260482,328.23
245.4,-79.944282,43.260475,327.82
245.5,-79.944267,43.260463,327.98
245.6,-79.944252,43.260456,328.22
245.7,-79.944244,43.260448,328.29
245.8,-79.944229,43.260440,329.08
245.9,-79.944221,43.260433,327.86
246.0,-79.944206,43.260433,329.73
246.1,-79.944190,43.260425,330.01
246.2,-79.944183,43.260417,328.30
246.3,-79.944168,43.260410,328.67
246.4,-79.944160,43.260398,329.43
246.5,-79.944137,43.260391,328.05
246.6,-79.944122,43.260391,328.79
246.7,-79.944114,43.260383,329.11
246.8,-79.944099,43.260375,327.83
246.9,-79.944091,43.260368,326.50
247.0,-79.944076,43.260360,327.29
247.1,-79.944061,43.260353,327.37
247.2,-79.944053,43.260341,326.86
247.3,-79.944038,43.260341,327.50
247.4,-79.944023,43.260334,326.66
247.5,-79.944007,43.260326,327.29
247.6,-79.944000,43.260318,326.86
247.7,-79.943984,43.260311,327.06
247.8,-79.943969,43.260303,327.55
247.9,-79.943962,43.260295,328.56
248.0,-79.943946,43.260288,327.45
248.1,-79.943939,43.260288,327.01
248.2,-79.943923,43.260276,327.69
248.3,-79.943916,43.260269,326.43
248.4,-79.943893,43.260261,325.88
248.5,-79.943878,43.260253,324.72
248.6,-79.943870,43.260253,326.11
248.7,-79.943855,43.260246,325.40
248.8,-79.943847,43.260238,326.15
248.9,-79.943832,43.260231,326.19
249.0,-79.943824,43.260219,326.47
249.1,-79.943809,43.260211,326.03
249.2,-79.943801,43.260204,326.15
249.3,-79.943778,43.260204,326.83
249.4,-79.943763,43.260196,327.64
249.5,-79.943756,43.260189,326.63
249.6,-79.943740,43.260181,326.95
249.7,-79.943733,43.260173,327.40
249.8,-79.943717,43.260166,327.15
249.9,-79.943702,43.260166,327.65
250.0,-79.943695,43.260154,328.86
250.1,-79.943679,43.260147,327.23
250.2,-79.943672,43.260139,328.56
250.3,-79.943649,43.260131,328.03
250.4,-79.943641,43.260131,327.98
250.5,-79.943626,43.260124,328.62
250.6,-79.943618,43.260116,328.13
250.7,-79.943603,43.260108,328.38
250.8,-79.943595,43.260097,327.83
250.9,-79.943580,43.260089,328.04
251.0,-79.943572,43.260082,327.62
251.1,-79.943557,43.260082,329.39
251.2,-79.943550,43.260074,328.59
251.3,-79.943527,43.260066,329.23
251.4,-79.943519,43.260059,329.01
251.5,-79.943504,43.260051,329.98
251.6,-79.943496,43.260044,328.60
251.7,-79.943481,43.260032,330.06
251.8,-79.943473,43.260025,328.16
251.9,-79.943458,43.260025,327.58
252.0,-79.943450,43.260017,327.87
252.1,-79.943435,43.260009,326.62
252.2,-79.943428,43.260002,327.78
252.3,-79.943405,43.259994,328.16
252.4,-79.943397,43.259986,328.34
252.5,-79.943389,43.259975,327.35
252.6,-79.943374,43.259975,328.54
252.7,-79.943367,43.259960,327.84
252.8,-79.943351,43.259960,327.49
252.9,-79.943344,43.259952,329.42
253.0,-79.943328,43.259944,329.36
253.1,-79.943321,43.259937,329.81
253.2,-79.943305,43.259929,331.29
253.3,-79.943290,43.259922,330.38
253.4,-79.943275,43.259910,330.75
253.5,-79.943267,43.259910,330.09
253.6,-79.943260,43.259902,330.89
253.7,-79.943244,43.259895,330.12
253.8,-79.943237,43.259887,330.06
253.9,-79.943222,43.259880,329.04
254.0,-79.943214,43.259872,328.47
254.1,-79.943206,43.259864,329.34
254.2,-79.943191,43.259864,330.55
254.3,-79.943183,43.259853,328.27
254.4,-79.943168,43.259845,329.88
254.5,-79.943153,43.259838,329.58
254.6,-79.943145,43.259838,329.45
254.7,-79.943138,43.259830,329.81
254.8,-79.943122,43.259822,329.38
254.9,-79.943115,43.259815,329.63
255.0,-79.943107,43.259807,330.97
255.1,-79.943092,43.259807,329.41
255.2,-79.943084,43.259799,328.79
255.3,-79.943077,43.259788,329.45
255.4,-79.943069,43.259780,329.38
255.5,-79.943046,43.259780,330.11
255.6,-79.943038,43.259773,330.13
255.7,-79.943031,43.259765,329.72
255.8,-79.943023,43.259757,329.18
255.9,-79.943008,43.259757,328.40
256.0,-79.943000,43.259750,328.81
256.1,-79.942993,43.259742,328.79
256.2,-79.942985,43.259731,328.79
256.3,-79.942977,43.259731,329.26
256.4,-79.942970,43.259723,326.31
256.5,-79.942962,43.259716,328.06
256.6,-79.942947,43.259716,326.01
256.7,-79.942939,43.259708,325.93
256.8,-79.942924,43.259708,324.80
256.9,-79.942916,43.259700,325.77
257.0,-79.942909,43.259693,326.15
257.1,-79.942901,43.259685,325.75
257.2,-79.942893,43.259685,325.95
257.3,-79.942886,43.259677,326.35
257.4,-79.942878,43.259677,325.69
257.5,-79.942871,43.259666,326.35
257.6,-79.942863,43.259666,326.90
257.7,-79.942855,43.259658,326.58
257.8,-79.942848,43.259651,327.05
257.9,-79.942840,43.259651,327.71
258.0,-79.942832,43.259643,329.30
258.1,-79.942825,43.259643,329.66
258.2,-79.942817,43.259635,328.82
258.3,-79.942802,43.259628,330.22
258.4,-79.942794,43.259628,329.68
258.5,-79.942787,43.259620,329.11
258.6,-79.942779,43.259620,329.67
258.7,-79.942771,43.259609,327.92
258.8,-79.942764,43.259601,329.04
258.9,-79.942756,43.259601,327.97
259.0,-79.942749,43.259593,329.04
259.1,-79.942741,43.259593,328.63
259.2,-79.942733,43.259586,328.58
259.3,-79.942726,43.259578,328.46
259.4,-79.942718,43.259578,329.04
259.5,-79.942710,43.259571,329.25
259.6,-79.942703,43.259571,329.58
259.7,-79.942695,43.259563,330.40
259.8,-79.942680,43.259555,329.94
259.9,-79.942672,43.259555,330.18
260.0,-79.942665,43.259544,329.57
260.1,-79.942657,43.259536,330.78
260.2,-79.942649,43.259536,329.94
260.3,-79.942642,43.259529,330.20
260.4,-79.942634,43.259521,329.86
260.5,-79.942626,43.259521,329.79
260.6,-79.942619,43.259513,330.04
260.7,-79.942611,43.259513,330.40
260.8,-79.942604,43.259506,329.39
260.9,-79.942596,43.259498,330.09
261.0,-79.942588,43.259498,330.31
261.1,-79.942581,43.259487,331.39
261.2,-79.942573,43.259479,330.67
261.3,-79.942558,43.259471,331.78
261.4,-79.942550,43.259471,329.88
261.5,-79.942543,43.259464,329.85
261.6,-79.942535,43.259456,330.20
261.7,-79.942527,43.259456,328.42
261.8,-79.942520,43.259449,328.89
261.9,-79.942512,43.259449,328.43
262.0,-79.942504,43.259441,328.99
262.1,-79.942497,43.259433,327.96
262.2,-79.942489,43.259433,330.24
262.3,-79.942481,43.259422,328.87
262.4,-79.942474,43.259422,328.48
262.5,-79.942466,43.259414,329.72
262.6,-79.942459,43.259407,328.30
262.7,-79.942451,43.259407,329.14
262.8,-79.942436,43.259399,327.25
262.9,-79.942428,43.259391,327.86
263.0,-79.942420,43.259391,327.77
263.1,-79.942413,43.259384,328.18
263.2,-79.942413,43.259384,327.89
263.3,-79.942405,43.259376,327.47
263.4,-79.942398,43.259376,327.65
263.5,-79.942390,43.259365,326.59
263.6,-79.942382,43.259365,326.23
263.7,-79.942375,43.259357,326.71
263.8,-79.942367,43.259357,326.83
263.9,-79.942359,43.259349,327.69
264.0,-79.942352,43.259349,326.51
264.1,-79.942344,43.259342,327.60
264.2,-79.942337,43.259334,328.07
264.3,-79.942329,43.259334,327.61
264.4,-79.942314,43.259326,327.82
264.5,-79.942306,43.259326,327.65
264.6,-79.942298,43.259319,326.63
264.7,-79.942298,43.259319,326.93
264.8,-79.942291,43.259311,326.92
264.9,-79.942283,43.259311,327.53
265.0,-79.942276,43.259300,327.45
265.1,-79.942268,43.259300,327.76
265.2,-79.942260,43.259292,328.99
265.3,-79.942253,43.259292,327.52
265.4,-79.942253,43.259284,327.20
265.5,-79.942245,43.259284,327.01
265.6,-79.942237,43.259277,327.00
265.7,-79.942230,43.259277,327.68
265.8,-79.942230,43.259269,327.71
265.9,-79.942222,43.259269,326.72
266.0,-79.942214,43.259262,327.59
266.1,-79.942207,43.259262,326.35
266.2,-79.942207,43.259254,324.43
266.3,-79.942192,43.259254,326.60
266.4,-79.942184,43.259243,325.78
266.5,-79.942176,43.259243,324.75
266.6,-79.942169,43.259243,324.77
266.7,-79.942169,43.259235,326.19
266.8,-79.942161,43.259235,325.01
266.9,-79.942153,43.259227,326.39
267.0,-79.942146,43.259227,325.53
267.1,-79.942146,43.259227,324.41
267.2,-79.942138,43.259220,325.23
267.3,-79.942131,43.259220,326.14
267.4,-79.942131,43.259212,324.65
267.5,-79.942123,43.259212,324.17
267.6,-79.942115,43.259212,325.68
267.7,-79.942108,43.259204,323.86
267.8,-79.942108,43.259204,326.11
267.9,-79.942100,43.259197,326.15
268.0,-79.942092,43.259197,325.82
268.1,-79.942085,43.259197,324.21
268.2,-79.942070,43.259197,322.96
268.3,-79.942070,43.259189,324.36
268.4,-79.942062,43.259189,323.95
268.5,-79.942054,43.259189,323.77
268.6,-79.942054,43.259178,323.83
268.7,-79.942047,43.259178,325.48
268.8,-79.942039,43.259178,324.36
268.9,-79.942031,43.259178,324.14
269.0,-79.942031,43.259170,324.29
269.1,-79.942024,43.259170,325.61
269.2,-79.942024,43.259170,325.31
269.3,-79.942016,43.259170,325.37
269.4,-79.942016,43.259162,325.09
269.5,-79.942008,43.259162,324.60
269.6,-79.942008,43.259162,324.77
269.7,-79.942008,43.259162,326.48
269.8,-79.942001,43.259162,325.61
269.9,-79.942001,43.259155,325.11
270.0,-79.941993,43.259155,324.61
270.1,-79.941993,43.259155,324.77
270.2,-79.941993,43.259155,325.54
270.3,-79.941993,43.259155,325.82
270.4,-79.941986,43.259147,325.69
270.5,-79.941986,43.259147,326.10
270.6,-79.941986,43.259147,325.48
270.7,-79.941978,43.259147,325.32
270.8,-79.941978,43.259147,325.61
270.9,-79.941978,43.259147,325.45
271.0,-79.941978,43.259147,325.37
271.1,-79.941970,43.259147,326.19
271.2,-79.941970,43.259147,326.02
271.3,-79.941970,43.259147,326.27
271.4,-79.941970,43.259147,326.56
271.5,-79.941970,43.259147,326.60
271.6,-79.941970,43.259147,326.52
271.7,-79.941970,43.259147,326.52
271.8,-79.941970,43.259147,326.31
271.9,-79.941963,43.259147,326.56
272.0,-79.941963,43.259147,326.27
272.1,-79.941970,43.259147,326.52
272.2,-79.941970,43.259140,326.02
272.3,-79.941970,43.259140,327.06
272.4,-79.941970,43.259140,328.77
272.5,-79.941970,43.259140,327.56
272.6,-79.941970,43.259140,327.85
272.7,-79.941970,43.259140,328.88
272.8,-79.941970,43.259140,328.36
272.9,-79.941970,43.259140,328.59
273.0,-79.941970,43.259140,328.20
273.1,-79.941970,43.259140,328.85
273.2,-79.941970,43.259140,328.64
273.3,-79.941970,43.259140,328.48
273.4,-79.941970,43.259140,328.59
273.5,-79.941970,43.259140,328.72
273.6,-79.941970,43.259140,328.67
273.7,-79.941970,43.259140,328.64
273.8,-79.941970,43.259140,328.19
273.9,-79.941970,43.259140,329.22
274.0,-79.941970,43.259140,328.64
274.1,-79.941970,43.259140,328.43
274.2,-79.941970,43.259140,328.40
274.3,-79.941970,43.259140,328.25
274.4,-79.941978,43.259140,328.32
